10174	
3785	
12596	
11828	
11551	
17742	
7846	
14183	
1352	
14502	
19768	
1821	
11609	
13014	
5752	
18270	
12987	
11160	
10531	
13519	
4757	
10754	
1243	
12499	
9996	
229	
18259	
9963	
2425	
7872	
1177	
18422	
2420	
9686	
6733	
95	
4541	
12021	
6062	
2448	
13966	
2831	
7901	
18809	
1818	
16193	
10659	
11309	
3648	
7458	
10048	
4516	
12888	
12612	
8706	
11934	
13233	
10336	
15219	
5668	
14689	
9571	
17787	
3012	
17444	
10556	
2155	
19208	
15614	
3639	
7931	
10343	
11352	
102	
5631	
18498	
11978	
3481	
5205	
3589	
16226	
12769	
3456	
17578	
14745	
10524	
11579	
12365	
6643	
520	
8896	
8684	
8494	
16376	
5440	
19320	
16252	
11872	
12908	
11815	
8659	
3298	
10884	
1386	
8623	
18337	
1377	
17826	
16572	
10443	
10172	
6665	
15749	
19743	
18590	
9107	
3022	
19809	
3935	
276	
18708	
798	
16370	
11592	
9237	
4089	
5208	
2681	
11213	
5585	
8221	
13412	
19894	
5390	
18234	
15730	
18615	
19179	
13922	
9243	
12002	
11889	
6336	
19150	
15358	
14902	
19810	
18300	
15955	
7028	
9486	
2284	
7321	
5640	
15028	
5507	
6751	
17124	
13371	
6164	
3474	
16335	
8528	
7139	
13322	
5443	
10834	
12783	
3767	
7664	
8742	
13818	
8128	
13538	
1387	
1902	
14757	
14758	
5614	
17104	
4594	
11619	
11328	
14263	
18327	
399	
9175	
14270	
7777	
1380	
10667	
10246	
17012	
2105	
12081	
6379	
14792	
14962	
8177	
18378	
10123	
7332	
10341	
1222	
3224	
11314	
41	
6979	
19995	
1129	
19708	
14862	
9864	
15615	
17726	
265	
13746	
17024	
17420	
12276	
15805	
9080	
15122	
12591	
8633	
6401	
15880	
18210	
11435	
652	
13963	
4750	
1846	
16004	
9476	
5488	
19464	
735	
2997	
6529	
5886	
19861	
6766	
8842	
137	
12641	
16767	
4989	
11472	
7715	
6618	
14049	
1936	
13887	
13193	
4500	
6235	
18964	
9950	
13349	
15320	
19826	
6247	
18323	
19480	
16687	
9212	
1392	
16644	
17522	
11449	
3458	
16305	
10233	
16592	
4542	
5723	
790	
518	
2197	
15954	
6160	
10209	
11180	
3364	
13166	
2239	
17057	
5269	
12394	
9960	
2356	
19434	
860	
9301	
9416	
16819	
4206	
11430	
18345	
17424	
6814	
7758	
10382	
422	
15288	
598	
11175	
1561	
18063	
6877	
17103	
5857	
14319	
10879	
13310	
19186	
3838	
7004	
6512	
619	
11716	
8568	
7797	
13427	
5362	
2777	
10435	
18845	
5061	
15274	
11855	
1598	
8419	
4614	
18726	
11383	
16183	
19684	
11389	
19011	
14916	
1594	
4867	
14923	
7167	
16515	
13851	
9934	
3076	
15383	
10579	
15439	
6844	
8078	
3728	
1548	
8159	
12898	
5663	
6816	
9887	
15975	
11283	
7966	
13536	
6320	
6557	
11370	
10471	
4100	
1783	
4862	
1151	
529	
11567	
12947	
219	
14800	
13967	
13364	
2965	
11687	
11561	
14723	
12950	
4828	
18702	
18959	
10986	
4194	
3598	
18402	
5476	
19541	
16788	
4634	
8396	
9482	
935	
17161	
9716	
1622	
19394	
10078	
3984	
786	
9155	
13266	
12524	
17683	
19624	
12581	
17205	
9802	
1574	
12079	
14803	
16879	
7663	
771	
8972	
19001	
9590	
9373	
16156	
9436	
4022	
17687	
19665	
12567	
16900	
6764	
3832	
7797	
14833	
9224	
5600	
18003	
12025	
13101	
10940	
13580	
3849	
14570	
6729	
1908	
18862	
12644	
1852	
1611	
3055	
10067	
19151	
7754	
18401	
15643	
1405	
7161	
13824	
4993	
18314	
17570	
17478	
2415	
177	
13407	
15070	
13451	
14631	
6647	
14313	
10281	
7876	
9863	
10757	
12801	
16722	
7265	
10609	
357	
5014	
4136	
8233	
5549	
10085	
16581	
2506	
15259	
8007	
2684	
17482	
6786	
10143	
8771	
17034	
12973	
12862	
16249	
4001	
1028	
10367	
7531	
18410	
5870	
1474	
6560	
18367	
17401	
6858	
3093	
2501	
7364	
12087	
8010	
4163	
11708	
13431	
9119	
6467	
315	
15065	
15681	
815	
19100	
5487	
10516	
216	
18034	
11406	
12414	
17553	
9986	
11227	
8818	
17262	
17047	
13604	
10002	
15896	
6271	
6421	
3014	
12724	
13912	
8365	
16498	
8939	
14023	
9264	
9871	
4789	
3815	
16699	
7089	
5765	
16828	
18574	
10617	
3771	
9886	
10737	
6853	
18152	
10612	
11309	
19877	
10398	
11861	
5702	
18267	
3682	
14015	
5430	
2156	
11448	
14051	
11021	
10276	
18290	
18001	
16032	
17586	
5511	
2990	
1911	
12430	
9182	
12861	
3049	
6860	
19596	
17683	
11658	
19197	
1244	
15785	
17637	
16651	
3178	
7374	
250	
19638	
2935	
3321	
15221	
3363	
19	
3092	
13729	
16609	
324	
5787	
7473	
11129	
4679	
11804	
6509	
9586	
1842	
17889	
11007	
12628	
2793	
101	
15861	
17170	
15608	
2543	
2483	
1980	
18144	
14135	
15479	
8644	
2629	
18288	
125	
9214	
6299	
1817	
4594	
7385	
6368	
3482	
1532	
19533	
14566	
15358	
10039	
12567	
9911	
10749	
808	
10484	
9671	
11136	
18108	
1846	
1404	
8459	
3140	
1195	
13259	
19298	
14138	
16632	
9728	
14956	
18269	
6842	
8970	
19585	
10822	
2126	
16896	
10333	
11123	
4247	
14723	
262	
14387	
19827	
8628	
5741	
12130	
18183	
17537	
5095	
4972	
8889	
11188	
10109	
10760	
2154	
9393	
10776	
12356	
17375	
10732	
10952	
832	
8183	
19056	
6978	
14267	
14757	
13957	
12955	
18669	
4507	
10923	
2526	
4383	
13732	
12699	
1462	
4801	
9814	
16582	
5643	
7229	
4248	
4686	
3510	
6038	
10783	
3934	
17241	
10827	
9057	
3155	
11054	
11538	
19429	
7240	
12785	
5419	
42	
18180	
12686	
6536	
12927	
17755	
8207	
14508	
17319	
12380	
94	
14412	
10110	
5867	
4702	
19758	
8203	
15700	
7355	
9992	
14609	
14370	
17594	
19927	
8497	
18388	
9564	
17852	
18489	
15455	
13889	
7685	
9757	
19651	
15080	
2240	
16733	
13540	
13336	
3447	
14662	
8470	
18559	
5535	
19561	
7287	
11450	
2881	
15139	
9243	
16224	
19846	
10428	
19212	
7089	
4794	
18923	
15946	
16041	
17811	
9141	
17555	
2658	
17324	
9528	
9004	
14541	
16576	
10011	
15474	
6858	
13346	
15194	
14985	
14786	
17640	
6804	
7568	
7212	
11392	
14147	
2493	
2473	
11038	
1868	
7118	
7172	
12356	
18455	
1119	
7252	
15494	
9949	
5635	
13952	
3646	
17823	
8221	
10439	
8504	
16696	
1109	
4575	
10636	
18327	
16023	
16843	
14413	
191	
11576	
7455	
8130	
17586	
17013	
3377	
17677	
4126	
8057	
7693	
15251	
3316	
2902	
560	
1646	
764	
13893	
3827	
5772	
6764	
5763	
14017	
5736	
18467	
13903	
17998	
9526	
17050	
9622	
2344	
17684	
2925	
232	
5031	
7541	
539	
1772	
5308	
14155	
5037	
15859	
2195	
13951	
4011	
12658	
17527	
7247	
3763	
12915	
3894	
6971	
2186	
4434	
17484	
6482	
6507	
16433	
19334	
11489	
5311	
19092	
17199	
6340	
18713	
13945	
3199	
16418	
7250	
18615	
17410	
17986	
18051	
11171	
3011	
1929	
19444	
2922	
4929	
4701	
10085	
7341	
17066	
2828	
15782	
13224	
18602	
14692	
12026	
15933	
17478	
14815	
3002	
2971	
12692	
14830	
7693	
19470	
8877	
16728	
11085	
2366	
10973	
1263	
33	
991	
7425	
3004	
15480	
18561	
18306	
13687	
3999	
172	
796	
6195	
11953	
8484	
288	
2838	
16923	
1385	
8294	
6928	
18841	
19289	
5066	
5952	
17881	
4539	
2780	
5538	
16621	
6311	
13275	
4388	
3549	
5374	
16722	
628	
7628	
12267	
5719	
19995	
3775	
959	
10789	
4198	
16786	
827	
18220	
13837	
10849	
6963	
19723	
13612	
16192	
9299	
10085	
2320	
17418	
8926	
3817	
4749	
12902	
13927	
4386	
6927	
3467	
8244	
1816	
9709	
539	
12220	
7564	
6123	
2666	
18163	
17064	
818	
19868	
3998	
13654	
19944	
18967	
14021	
6076	
4488	
13570	
12989	
14381	
13493	
7259	
16280	
1628	
4047	
7327	
18881	
17638	
4154	
10833	
15189	
14173	
3152	
2404	
7753	
6277	
14296	
10201	
16677	
19130	
10543	
14325	
17532	
15459	
9818	
8567	
882	
12024	
2143	
3498	
4400	
4566	
14928	
12061	
11244	
6675	
16456	
10697	
1493	
6266	
8413	
8151	
11446	
9533	
9942	
5900	
16056	
5452	
9349	
17013	
15921	
5521	
2410	
13544	
227	
18792	
9465	
9997	
11622	
3725	
11406	
4443	
4711	
2133	
3872	
10630	
10855	
4032	
4884	
7660	
5303	
17999	
3133	
12237	
1672	
4009	
19528	
18111	
16287	
19204	
16886	
4023	
2164	
8177	
13658	
17521	
2541	
12323	
15972	
7972	
258	
11868	
11224	
4618	
5952	
883	
7489	
5874	
12857	
865	
13685	
17538	
9652	
2901	
15314	
10168	
19297	
462	
9074	
9344	
13543	
2775	
15625	
16890	
9543	
5266	
9431	
1277	
6826	
14337	
5930	
993	
12395	
5987	
12058	
6881	
8809	
10223	
12648	
7329	
14841	
5506	
19734	
9755	
4105	
9118	
17322	
709	
420	
12850	
2988	
8749	
14792	
12047	
2246	
10804	
15658	
3633	
14129	
7756	
4571	
11305	
17910	
12322	
19036	
10664	
279	
1797	
38	
14279	
11187	
3876	
1193	
208	
1388	
13236	
14461	
1512	
9410	
5075	
14317	
2265	
14661	
4503	
2843	
10176	
11630	
14433	
14759	
11307	
10652	
4910	
5206	
15821	
16112	
6965	
19346	
1986	
14498	
1966	
9612	
5080	
15113	
14200	
2867	
357	
8998	
12983	
13959	
2588	
15112	
11052	
3028	
2552	
3584	
15000	
5012	
16995	
14327	
2620	
5331	
10198	
16655	
5052	
4910	
13615	
4134	
11392	
19284	
15853	
8667	
12798	
10546	
13143	
5453	
815	
2579	
4526	
1821	
14259	
6508	
11423	
6039	
12019	
18522	
2342	
13533	
19903	
11021	
9034	
3283	
18479	
6427	
9979	
18807	
3780	
14488	
11953	
19442	
11447	
1801	
11213	
19	
5553	
18211	
5766	
8407	
10846	
19955	
9667	
8294	
2755	
8643	
5815	
11022	
19037	
13994	
5834	
9553	
14651	
13324	
4576	
8515	
17085	
9718	
13884	
17948	
15618	
9560	
633	
18770	
14610	
9800	
9389	
15538	
4696	
10934	
18250	
15491	
9553	
10226	
380	
15333	
17691	
5076	
4262	
438	
13833	
8097	
6097	
16542	
304	
5709	
19159	
1354	
15768	
12289	
11701	
11914	
16557	
8100	
15935	
8163	
9249	
15971	
10422	
10428	
1006	
17169	
2778	
16929	
8265	
536	
11800	
18670	
15661	
2173	
7265	
6620	
13886	
7479	
3413	
4700	
9266	
16586	
17894	
6040	
15168	
7596	
5837	
1669	
19333	
19526	
1671	
16665	
10785	
14123	
12997	
4928	
12924	
783	
18944	
18525	
14270	
7836	
16186	
16764	
3577	
2675	
19822	
8493	
5968	
13683	
7635	
10745	
6161	
9048	
16482	
14691	
12266	
7565	
13657	
10063	
9930	
7055	
8600	
11792	
15082	
11820	
15243	
15638	
2416	
4736	
12291	
19897	
946	
13707	
2448	
13649	
18544	
10016	
12093	
397	
14441	
70	
15820	
18835	
17273	
1649	
10546	
2410	
9666	
11621	
3882	
14927	
2396	
4413	
13979	
4746	
1002	
13489	
8449	
6940	
3605	
18646	
4281	
9222	
12662	
17512	
15651	
6464	
3230	
15532	
8824	
10761	
1506	
5655	
9715	
14686	
16995	
11546	
2490	
5917	
9054	
11669	
13521	
17225	
3368	
4366	
3425	
2358	
8394	
9135	
18996	
1811	
1567	
10950	
11433	
7220	
11105	
2538	
11441	
17359	
2561	
5260	
8383	
6493	
2084	
7163	
14352	
1373	
10492	
7832	
608	
13498	
9674	
4611	
472	
1111	
10678	
12086	
18932	
16361	
1537	
8140	
4616	
10218	
1289	
17477	
7730	
3753	
2627	
337	
3285	
3235	
1291	
14243	
6728	
5604	
9195	
19026	
2405	
466	
7233	
9615	
10414	
19090	
10813	
9751	
7921	
17130	
14703	
9590	
2759	
5770	
472	
15553	
7460	
17317	
17794	
10687	
2850	
11267	
8129	
13883	
10562	
19515	
4828	
10260	
19161	
9537	
3798	
1459	
1265	
7214	
7124	
3945	
12892	
16992	
7619	
11358	
12794	
10040	
13123	
15845	
568	
6913	
15680	
7648	
12797	
16952	
17266	
19302	
6055	
11241	
633	
534	
18314	
3361	
8561	
19446	
5894	
5279	
9032	
16996	
12407	
2540	
16543	
16049	
12470	
16436	
1626	
4831	
307	
14419	
17390	
16024	
19871	
18844	
17817	
19495	
12397	
15106	
13625	
9250	
12428	
13538	
5970	
11913	
14649	
10950	
13602	
11031	
6202	
848	
17893	
13098	
13509	
8419	
6635	
5943	
13658	
6696	
7254	
7497	
19620	
3196	
15679	
2583	
11092	
14391	
321	
11855	
5055	
7356	
16585	
2041	
16679	
7382	
2855	
19319	
11716	
8162	
6319	
2766	
17471	
9648	
12141	
5796	
7021	
17306	
15170	
10672	
2511	
4017	
5433	
16655	
15872	
5602	
330	
12599	
7525	
9242	
1953	
10916	
17212	
8607	
8051	
7063	
8463	
10486	
2916	
2402	
14173	
7836	
19664	
9380	
2021	
14061	
18567	
7883	
9630	
9129	
4980	
19791	
2639	
16264	
8419	
17991	
18772	
10696	
8964	
7688	
3981	
10857	
13651	
481	
9811	
572	
16022	
16394	
4533	
12335	
11375	
7093	
7241	
13479	
18885	
19897	
6482	
17607	
535	
8094	
8482	
11820	
9646	
2042	
12448	
9145	
14880	
17686	
6496	
8834	
18949	
5487	
6854	
5074	
15778	
2886	
4616	
10053	
3897	
13088	
18277	
19358	
13031	
6187	
12936	
3023	
3556	
6788	
8244	
7041	
15619	
10912	
11583	
17642	
18286	
12037	
18325	
14811	
15506	
7751	
2154	
5354	
7415	
7644	
2166	
5280	
4750	
822	
19412	
2805	
6552	
17241	
17191	
15697	
12264	
3936	
17661	
18477	
15611	
6702	
17581	
15789	
13063	
6212	
645	
2466	
2380	
5124	
3637	
387	
6229	
2717	
12089	
16453	
19318	
13853	
2091	
12662	
5853	
10005	
4625	
16545	
11950	
10822	
6788	
6236	
19855	
16569	
8537	
15528	
6350	
12269	
1537	
10747	
14431	
18652	
12445	
8463	
4090	
9399	
15821	
15967	
2726	
1888	
6347	
10331	
18187	
19992	
17975	
12329	
13703	
3776	
1948	
19528	
14465	
3127	
13974	
18460	
1361	
13531	
13498	
14857	
8972	
5786	
18977	
10409	
10498	
9317	
15284	
3029	
13207	
16074	
13681	
5796	
2940	
14224	
4791	
1507	
5145	
9962	
18060	
1350	
2674	
10875	
8712	
10309	
18354	
1495	
5603	
7042	
19925	
39	
7199	
16496	
7026	
4149	
1713	
13372	
3786	
16073	
13634	
10983	
9589	
3044	
2472	
1061	
8289	
17843	
16035	
1066	
11447	
10522	
16222	
1593	
17341	
8196	
19756	
14904	
18565	
19948	
1351	
10966	
8076	
9669	
18276	
14847	
7724	
15438	
16607	
17633	
7316	
15353	
2502	
14973	
2630	
19071	
17098	
7912	
7633	
5306	
17968	
17964	
5818	
9580	
5931	
7242	
9656	
12900	
8256	
3858	
7979	
15279	
836	
2112	
836	
11173	
9905	
9041	
7888	
3208	
18992	
4401	
10466	
10856	
12360	
10244	
2586	
12044	
16292	
9568	
1276	
4736	
3147	
3662	
18370	
14249	
8008	
5960	
526	
10096	
2872	
8766	
11036	
13894	
2918	
9039	
19529	
8603	
10207	
5772	
19781	
10983	
15186	
11351	
14179	
19169	
12276	
9333	
11354	
1119	
11653	
1082	
9930	
10763	
2498	
6631	
9362	
7624	
17486	
266	
4689	
10634	
14139	
1722	
17048	
18114	
9687	
9614	
1876	
15977	
3253	
5232	
1822	
17079	
4976	
12589	
3491	
11389	
18680	
15702	
19017	
4424	
18630	
13248	
2170	
13903	
18593	
7989	
4937	
5703	
13878	
15714	
14207	
4354	
6247	
2050	
11785	
13641	
13246	
13868	
168	
14690	
14764	
11174	
8458	
14193	
13164	
11733	
13062	
12835	
7388	
16402	
18817	
17575	
7237	
2118	
15884	
8020	
7193	
711	
4535	
15649	
8039	
1733	
4382	
17442	
12488	
2211	
8618	
15850	
9123	
5856	
3015	
873	
10501	
8298	
19570	
11325	
9820	
4968	
11245	
1137	
19624	
4950	
17506	
19500	
8945	
16516	
6431	
19619	
7711	
17488	
5848	
18289	
2380	
18222	
16982	
14495	
14192	
17262	
10589	
16988	
15066	
4418	
2929	
13512	
6095	
18919	
13415	
3138	
1059	
2772	
7999	
5683	
6699	
1454	
9855	
337	
15064	
7369	
14121	
4817	
15003	
13376	
5782	
3659	
7014	
10696	
7293	
15102	
7976	
12211	
11186	
11668	
6997	
9997	
19917	
6379	
10347	
10989	
10032	
8938	
3786	
14706	
5493	
775	
10787	
9746	
15165	
10765	
11045	
15621	
16664	
14188	
14783	
5505	
20	
3078	
14378	
5181	
13392	
17006	
4439	
565	
8085	
13522	
15685	
19575	
15281	
4325	
73	
6488	
2811	
19498	
4937	
11269	
18367	
12267	
12874	
1430	
142	
9821	
14982	
14543	
19573	
12462	
14713	
53	
4316	
2547	
16664	
4329	
15394	
7188	
8644	
5386	
13297	
6255	
16935	
18961	
10991	
14442	
1516	
9960	
4109	
13950	
18144	
4703	
15575	
15670	
7092	
891	
15788	
13787	
5194	
14663	
15809	
3161	
10506	
8557	
16258	
7475	
18877	
16861	
4622	
7886	
16109	
7893	
4869	
4002	
1496	
5352	
18094	
11751	
12163	
13540	
9557	
11557	
10166	
11045	
4106	
176	
2382	
16149	
5317	
2530	
19616	
17198	
13923	
956	
3359	
8509	
1339	
9844	
17294	
5063	
1581	
4881	
14083	
18550	
4493	
18611	
6909	
17170	
3518	
18667	
960	
5103	
7348	
18240	
15197	
5225	
12887	
7802	
14210	
17861	
19507	
6374	
16027	
6105	
8579	
7032	
984	
6713	
17601	
13643	
11164	
18414	
11986	
15663	
9842	
13447	
13386	
16538	
17859	
4398	
15636	
7306	
14032	
18020	
19309	
14677	
3316	
18560	
18699	
12571	
19467	
3219	
11301	
6528	
12578	
4552	
9415	
4971	
7612	
4001	
15690	
9338	
14827	
4470	
10992	
13975	
8457	
13131	
874	
9217	
3086	
1437	
10185	
371	
5233	
16420	
10165	
98	
4085	
18361	
1313	
2453	
6000	
9208	
13726	
9685	
746	
13193	
4828	
15158	
5716	
4325	
1149	
12694	
3195	
9155	
2345	
19464	
12947	
16136	
1855	
2529	
16714	
11889	
2416	
8831	
11570	
2382	
16223	
3963	
6975	
12347	
9361	
18298	
13840	
3549	
9872	
13684	
15334	
5983	
2475	
8862	
1007	
226	
19850	
8850	
17999	
9005	
6717	
13921	
19380	
8822	
938	
18648	
17080	
14879	
7979	
8407	
12656	
1506	
4236	
3712	
13989	
8911	
2645	
12689	
1970	
18632	
13436	
8701	
19069	
15290	
8630	
18050	
19463	
6608	
2425	
19959	
13113	
12110	
18981	
6891	
15764	
1232	
3798	
17738	
775	
9240	
18232	
9311	
9430	
16546	
14824	
4886	
4173	
19629	
13808	
7315	
19079	
18733	
19324	
2736	
16187	
6415	
19358	
807	
16848	
17737	
1162	
14955	
10149	
2767	
1771	
15567	
2006	
747	
17200	
14338	
10118	
4347	
2684	
15294	
514	
11480	
13653	
5157	
13804	
8934	
17810	
4096	
2108	
15171	
5074	
10549	
6110	
19019	
17836	
2011	
19312	
4302	
9842	
12438	
8724	
15024	
18897	
14366	
12119	
6089	
13367	
16627	
4520	
5581	
11923	
15465	
10059	
563	
11934	
8504	
12285	
5197	
18788	
5081	
17553	
4988	
17865	
19286	
14834	
4725	
12014	
13655	
5563	
616	
5689	
12741	
10560	
19837	
13221	
2045	
6761	
14835	
9206	
2059	
9480	
17326	
5962	
5310	
13840	
11911	
13583	
9240	
3624	
2593	
7187	
8974	
7693	
10271	
3407	
5164	
1370	
5485	
8690	
15557	
17945	
5056	
16079	
19886	
4213	
15471	
2063	
17176	
8718	
13158	
14028	
13974	
13639	
5709	
7751	
8683	
9418	
12077	
16058	
5514	
4005	
19630	
18645	
3894	
18352	
12504	
16133	
8740	
2730	
5668	
12843	
14715	
19533	
2829	
2250	
19002	
4017	
4961	
1956	
19713	
16910	
6200	
9453	
14961	
2910	
13329	
7978	
17270	
14988	
3546	
19085	
12872	
11518	
17731	
14666	
4779	
16322	
3407	
16343	
5362	
181	
2623	
13830	
18707	
2495	
6508	
14173	
10560	
12889	
6108	
19929	
2474	
13463	
7758	
13327	
3505	
16015	
9456	
15429	
17305	
9729	
2964	
8204	
19944	
7185	
15743	
19800	
18646	
10118	
7090	
10766	
6306	
8604	
15569	
14491	
10501	
10959	
5992	
18370	
7848	
6184	
12197	
11686	
16402	
11448	
13461	
11117	
8550	
19437	
16553	
11059	
9801	
19992	
15942	
14126	
3327	
7945	
17930	
19874	
7467	
4209	
18122	
62	
5146	
7517	
14574	
4006	
4091	
10814	
11354	
16979	
15948	
6217	
2738	
19189	
14225	
9936	
14537	
6658	
634	
18470	
10832	
7671	
14952	
3854	
12898	
18223	
12349	
7273	
2590	
17016	
3282	
5219	
5210	
1424	
4430	
2103	
17354	
19032	
17271	
7439	
12351	
15056	
19009	
18539	
7161	
1936	
2495	
1233	
694	
13760	
1666	
17601	
8924	
8012	
16707	
16208	
9528	
7885	
19516	
17760	
5716	
5600	
18500	
15706	
9861	
1065	
2236	
4989	
12199	
14964	
19544	
2223	
2552	
3868	
17433	
14822	
8838	
9506	
3087	
14881	
2446	
5259	
14164	
7220	
960	
8463	
13116	
9593	
18418	
4273	
9731	
9416	
17219	
12166	
17649	
11181	
10892	
4461	
5625	
14416	
6165	
3835	
7157	
19686	
17884	
5464	
18264	
19622	
18225	
1049	
2939	
10474	
15810	
14450	
1669	
17604	
7136	
17289	
5743	
18656	
18551	
1678	
2361	
12739	
7921	
16472	
9900	
18666	
8185	
16575	
17050	
11231	
14560	
7498	
10263	
8675	
15370	
17681	
4393	
775	
1544	
6483	
14042	
9429	
12607	
6992	
1220	
1674	
16457	
15029	
14647	
3950	
3137	
8196	
16682	
6902	
3514	
12122	
13563	
8430	
2591	
6704	
13054	
87	
12989	
5067	
17975	
19276	
213	
13859	
19723	
17131	
14375	
7390	
14133	
957	
6011	
8562	
19528	
12160	
6651	
6566	
17491	
5034	
9167	
177	
9782	
3711	
5384	
6155	
1481	
6377	
12721	
7788	
5928	
10193	
726	
14810	
3247	
11025	
995	
14299	
19530	
3063	
12637	
16115	
11348	
12031	
7091	
6089	
17308	
9148	
2716	
5836	
18263	
12560	
5709	
4650	
6712	
11089	
4052	
7025	
12740	
6209	
19416	
3984	
799	
7299	
8059	
256	
13268	
19913	
4439	
13331	
13515	
17934	
3640	
2242	
18058	
9881	
18994	
13100	
7883	
18006	
14558	
9235	
6655	
3625	
14885	
6262	
3975	
19894	
10139	
3286	
9704	
18090	
18526	
19124	
18890	
14874	
7593	
5284	
11853	
16169	
10665	
5765	
7533	
1613	
10620	
8159	
2197	
332	
6005	
16587	
18465	
989	
9081	
10282	
443	
6590	
7511	
8385	
9622	
11602	
18170	
13734	
171	
8390	
10763	
18902	
3771	
18052	
9296	
16414	
15738	
16285	
19695	
14059	
18900	
856	
3666	
10169	
16884	
11845	
6738	
2916	
2545	
5178	
11423	
13350	
160	
8454	
8906	
19786	
9873	
10988	
8891	
5802	
16838	
10979	
8454	
2173	
10310	
2042	
3080	
6578	
10953	
2918	
10912	
12667	
8157	
14008	
13840	
3666	
10823	
2658	
10392	
16695	
5744	
6172	
4668	
12044	
18388	
10648	
18735	
11436	
10752	
14465	
4740	
17014	
912	
18642	
16157	
4215	
17796	
2188	
12068	
14416	
6237	
8172	
14552	
14162	
9053	
15427	
2215	
739	
16294	
7355	
1491	
17468	
10858	
13538	
2888	
10341	
8382	
11831	
15498	
4065	
6720	
14684	
13159	
6353	
3855	
19015	
13268	
19954	
16425	
218	
9124	
16419	
4162	
9108	
12546	
5083	
7460	
12725	
3321	
6981	
690	
2246	
18142	
14121	
3874	
13742	
3745	
3400	
5530	
5061	
7622	
532	
6109	
9092	
9740	
7507	
18046	
15510	
8638	
8072	
1918	
1653	
9373	
19382	
16273	
19674	
18919	
8913	
16476	
15351	
8644	
378	
759	
13948	
17266	
13221	
4678	
4680	
8473	
524	
12090	
8995	
16531	
4095	
4621	
1374	
11462	
11571	
8279	
8768	
15294	
17945	
3410	
14882	
6706	
19028	
1147	
314	
826	
16459	
5978	
12163	
12516	
13819	
7064	
13732	
4916	
5976	
16188	
3425	
15398	
14297	
15040	
10767	
3952	
4582	
15796	
5687	
3122	
3201	
4729	
6947	
17850	
15405	
19135	
1025	
5650	
6525	
14764	
1631	
5305	
12005	
15056	
339	
15660	
3856	
5657	
6911	
10369	
13166	
2557	
16379	
1292	
7409	
4036	
10512	
7615	
13841	
548	
6923	
163	
11453	
3441	
5715	
482	
11492	
6612	
18618	
7799	
10977	
5845	
14931	
14099	
3484	
12917	
6506	
5907	
9082	
18664	
19768	
10282	
17068	
7832	
1085	
18248	
2444	
4037	
17486	
6531	
2564	
5188	
18347	
8300	
16116	
10122	
4847	
9797	
5988	
1091	
10079	
15563	
4286	
11200	
5242	
11003	
9647	
13384	
11279	
6398	
14455	
12153	
13120	
11368	
11052	
4401	
17010	
11149	
16180	
19957	
12849	
18529	
15166	
1881	
10521	
10082	
2926	
8789	
18546	
3210	
17970	
1535	
278	
18803	
13461	
14177	
1715	
13786	
16778	
3512	
11993	
2151	
11468	
84	
14648	
6001	
6253	
16175	
14985	
6727	
2807	
19534	
10850	
10160	
5537	
14050	
5187	
1840	
4496	
3936	
6820	
9662	
18579	
5488	
17546	
9885	
10762	
16446	
2309	
6422	
190	
1701	
16379	
10964	
5193	
17141	
18387	
19506	
2786	
17591	
19341	
17724	
19303	
2007	
18063	
18293	
12311	
12540	
9068	
18620	
11207	
14248	
4994	
7435	
11249	
8133	
3827	
3309	
5484	
17289	
15564	
14626	
11051	
12908	
6491	
14621	
79	
15683	
3548	
633	
17982	
11186	
5701	
14059	
9754	
11857	
13467	
16177	
8041	
213	
7294	
18867	
15370	
5968	
8437	
12586	
7621	
11174	
7851	
6024	
914	
12251	
16155	
19351	
5772	
15630	
2961	
19372	
7217	
11707	
2517	
19880	
1216	
7566	
5358	
13315	
3505	
10401	
18304	
4767	
4914	
7731	
6221	
17619	
9554	
6213	
15341	
4012	
18925	
10444	
3164	
8362	
12284	
19683	
2380	
10971	
6118	
9193	
16790	
1396	
12229	
15813	
13438	
1508	
13862	
13331	
2553	
14384	
8673	
13261	
8689	
15821	
5356	
6528	
605	
12030	
12968	
8128	
17236	
15252	
13062	
5317	
18537	
13167	
633	
12192	
16144	
9305	
18489	
14828	
17601	
8099	
11951	
9007	
15702	
8935	
18721	
2030	
11133	
4886	
10535	
5757	
16321	
17233	
19237	
8302	
17654	
19990	
16185	
15028	
1951	
11482	
7176	
15938	
15383	
2183	
6429	
14152	
6694	
1644	
18798	
1076	
7111	
3919	
3892	
10815	
6934	
16445	
5357	
6376	
932	
6388	
16340	
12163	
954	
1486	
19874	
1205	
15409	
7071	
15621	
5743	
1260	
17140	
5048	
8495	
18085	
12638	
7344	
5149	
19867	
3350	
4628	
1230	
326	
12443	
3946	
17194	
3382	
6506	
7033	
13100	
3521	
19152	
884	
12126	
9826	
19152	
11186	
15694	
1221	
19905	
10287	
17674	
8503	
13470	
18470	
4078	
4923	
14563	
13817	
17987	
11296	
18812	
16848	
10258	
19832	
4866	
6819	
267	
16298	
12564	
9715	
14922	
4837	
9157	
1451	
18049	
8007	
857	
2517	
14848	
15363	
16347	
18360	
3922	
3834	
5706	
13426	
11242	
2571	
13177	
16138	
7970	
8982	
634	
1625	
2979	
10771	
18145	
104	
6853	
3590	
9096	
15926	
1760	
12586	
15857	
17819	
4759	
11325	
3677	
9869	
7199	
2767	
1512	
13315	
6576	
1971	
15695	
12766	
14674	
238	
8254	
17659	
7309	
19577	
19753	
18160	
13784	
11466	
13405	
17929	
12557	
8040	
4805	
3590	
5802	
16720	
5075	
13127	
1406	
5797	
13376	
17327	
10267	
10506	
8811	
4542	
15943	
11770	
6747	
9517	
19882	
282	
17160	
5144	
18761	
19958	
14885	
17228	
6142	
690	
18589	
16704	
6380	
2926	
6397	
18500	
14142	
19435	
1074	
5800	
9595	
8778	
11655	
672	
1993	
14592	
6777	
7256	
13467	
18510	
10107	
13039	
18123	
8769	
4687	
3225	
17914	
18921	
18895	
6409	
17776	
18950	
1226	
11059	
4658	
8258	
5268	
3860	
9226	
15703	
5494	
6496	
14906	
8915	
10024	
15722	
4149	
12118	
11259	
9862	
9250	
13206	
15465	
3826	
4732	
2640	
3311	
10158	
8895	
2662	
4444	
1986	
1365	
18977	
6701	
9206	
1211	
17276	
6122	
14099	
10880	
17924	
118	
2261	
16635	
18176	
6522	
18902	
4342	
16153	
1070	
15423	
9713	
17479	
10630	
3946	
17302	
12217	
657	
12635	
5381	
10414	
13335	
15237	
14399	
8925	
10612	
9365	
19712	
18347	
14848	
2723	
12341	
9956	
18624	
13424	
9375	
17267	
7848	
501	
15906	
18208	
4825	
16332	
6012	
7731	
8253	
16012	
8351	
4222	
12407	
12230	
11934	
4801	
14216	
4483	
17191	
9426	
1438	
9395	
8655	
2386	
6397	
14700	
19414	
9371	
14837	
11121	
10400	
1812	
10649	
17293	
9275	
1953	
5747	
9368	
5663	
11864	
19815	
13861	
8595	
7935	
14520	
18768	
18827	
6731	
6030	
19962	
1687	
577	
6336	
8024	
17627	
11246	
7444	
16229	
17693	
15945	
16856	
12183	
5788	
16235	
13455	
11345	
6398	
404	
13644	
12327	
3043	
9875	
18745	
4550	
11500	
12603	
11816	
10029	
6699	
10150	
1539	
19932	
4203	
11305	
16745	
7262	
538	
8308	
4057	
360	
16166	
4276	
10499	
16652	
13888	
19173	
12510	
5307	
13474	
9650	
10487	
7912	
9269	
6241	
80	
18130	
14015	
3368	
11237	
9784	
396	
852	
358	
12277	
16080	
17127	
18485	
13513	
13394	
3151	
8973	
19756	
1682	
13416	
4188	
7931	
13489	
6222	
1534	
10996	
14051	
18389	
11937	
3503	
5128	
19195	
2157	
18785	
13741	
6390	
9627	
1041	
11618	
19152	
14932	
5876	
6797	
17548	
15773	
9899	
8753	
4734	
14491	
10314	
5715	
10589	
10265	
14425	
13890	
3085	
16724	
2697	
2508	
16700	
17110	
149	
12205	
377	
19373	
8563	
14627	
15741	
15922	
2629	
833	
1270	
13710	
9481	
7561	
17263	
18738	
3051	
676	
13596	
19320	
19212	
6883	
4097	
14094	
3600	
9613	
19375	
13878	
15769	
9376	
12733	
14692	
12436	
15312	
1637	
15214	
6456	
19954	
2343	
2379	
11936	
9069	
6065	
885	
3745	
2792	
18206	
17268	
14368	
7452	
285	
18794	
14159	
4942	
19248	
2180	
2196	
14379	
17600	
16439	
5193	
6050	
19059	
10547	
1326	
17827	
15280	
2610	
13307	
14924	
13471	
1726	
2670	
1269	
2171	
16015	
12834	
18462	
9003	
15195	
3165	
13502	
152	
15749	
15813	
6342	
14582	
6261	
15708	
9483	
17162	
11764	
7709	
14952	
2334	
5203	
16298	
3769	
12495	
16277	
9771	
1876	
3203	
18209	
18884	
7500	
7183	
13837	
2626	
719	
9750	
5950	
8088	
10228	
5069	
8409	
2294	
19558	
14706	
6110	
11946	
15038	
17199	
10085	
18504	
10103	
416	
17872	
19288	
7521	
16444	
6009	
8056	
8364	
17698	
5140	
1689	
11753	
18173	
18786	
16987	
10541	
3338	
5083	
18414	
19034	
10732	
12511	
7926	
10200	
19455	
10203	
1128	
13654	
7383	
5959	
17547	
9242	
9526	
10810	
18114	
11384	
9678	
7856	
12447	
10351	
9592	
3754	
8874	
8207	
1457	
6956	
6909	
14825	
6905	
18645	
13208	
15091	
7753	
7639	
16636	
10873	
6831	
11648	
10460	
18353	
190	
10030	
14575	
9964	
16783	
2864	
12805	
11843	
7002	
11417	
12828	
16763	
7721	
15175	
12027	
2035	
9445	
4558	
18723	
17007	
2519	
18627	
2501	
16435	
17849	
737	
8003	
13535	
14542	
4912	
7213	
17763	
4260	
4310	
6397	
12490	
5617	
10201	
11070	
13225	
19620	
10055	
10402	
9486	
6197	
11376	
4039	
17036	
15870	
7702	
8557	
14861	
3061	
1367	
18579	
18304	
2405	
9363	
16994	
4600	
9042	
14730	
18291	
3389	
13700	
17309	
12511	
1854	
14683	
2780	
19090	
9413	
13869	
16622	
13588	
8644	
8649	
6038	
233	
14892	
18065	
19640	
7228	
17265	
9516	
3268	
1412	
15469	
15235	
9136	
14018	
8917	
16331	
7818	
8557	
15522	
14652	
2617	
14685	
11844	
8228	
3503	
2651	
7611	
15436	
17003	
6359	
5526	
1032	
10634	
4562	
9581	
12032	
2603	
13619	
4605	
18900	
2313	
15617	
12241	
11556	
17156	
1620	
2624	
12538	
10361	
2297	
18588	
6467	
11194	
18275	
3989	
9876	
5952	
7530	
7900	
13214	
7176	
3217	
9547	
8359	
18515	
15330	
13918	
3616	
3130	
15918	
2858	
1096	
784	
2184	
13245	
8267	
16084	
8262	
9463	
6458	
15628	
2589	
16024	
3147	
8851	
541	
9506	
14529	
71	
14325	
11705	
14169	
6772	
444	
4360	
10544	
15222	
6850	
6600	
14159	
11240	
11286	
11273	
4392	
16511	
9022	
15347	
11379	
2441	
15850	
3278	
16770	
614	
8297	
1826	
15960	
2193	
19821	
14179	
1239	
11043	
18916	
16581	
8419	
14238	
932	
5156	
19777	
9038	
17441	
18549	
18163	
15233	
12499	
7543	
9882	
17088	
12211	
16127	
7850	
15354	
13392	
10802	
7668	
12844	
14678	
16794	
16081	
3737	
16657	
19152	
18134	
14192	
10600	
7143	
9303	
1490	
19258	
10886	
7149	
13866	
18834	
7889	
18625	
3646	
10106	
19245	
7037	
4690	
7500	
5987	
7695	
18456	
11508	
17479	
5338	
14635	
19967	
13586	
539	
9623	
4312	
12339	
17020	
14663	
9669	
13900	
17231	
19663	
15581	
5107	
13053	
19882	
10474	
19200	
11145	
7087	
9204	
16751	
16220	
16484	
18720	
12255	
16463	
11095	
4110	
10029	
11665	
2270	
5425	
17197	
5793	
15920	
10314	
19341	
10323	
2451	
14590	
343	
5656	
11207	
15284	
19679	
6703	
2634	
18500	
3432	
13889	
1214	
8719	
12221	
15836	
6609	
2002	
803	
13724	
6307	
11703	
14748	
2774	
15556	
19064	
18925	
12109	
8725	
14313	
7941	
18530	
8229	
16321	
14237	
10436	
4390	
15667	
16245	
12703	
11184	
15881	
207	
18851	
11756	
19361	
4131	
18047	
17995	
7662	
2125	
17957	
5315	
3863	
583	
1224	
2192	
9914	
9458	
17796	
9233	
6708	
16672	
1649	
6104	
4003	
5747	
9341	
831	
17958	
4007	
47	
19701	
9927	
2079	
10817	
6962	
16331	
523	
9392	
10253	
1113	
6242	
4306	
16895	
5184	
8465	
19911	
9721	
4222	
6393	
5958	
13570	
1434	
657	
4796	
11242	
17291	
16829	
3801	
6720	
16126	
6603	
12244	
327	
19671	
7976	
14489	
11311	
4044	
889	
14647	
19658	
19621	
4554	
6328	
3255	
10110	
8210	
15808	
594	
11344	
8550	
9070	
16910	
16512	
17586	
7667	
16583	
5939	
2028	
11761	
18151	
11987	
4362	
3849	
3269	
8084	
648	
10669	
10996	
16815	
9038	
1434	
8024	
2850	
1777	
6289	
17528	
170	
5962	
12952	
6258	
9552	
7489	
10295	
11487	
17687	
6600	
18215	
11536	
8512	
9073	
15179	
4534	
7732	
10648	
11300	
3177	
18898	
1504	
5205	
8512	
4023	
18733	
13939	
11182	
8614	
3225	
607	
8144	
12020	
1809	
17455	
135	
19987	
18297	
18790	
15293	
103	
3537	
16218	
18800	
1550	
2894	
4934	
19839	
19927	
9732	
11551	
831	
764	
4657	
8485	
9560	
11727	
2020	
17256	
1601	
4798	
2015	
11952	
8041	
6892	
7931	
18938	
1676	
8000	
4296	
5859	
19072	
14857	
13791	
344	
15680	
6079	
17833	
5076	
2227	
8775	
2036	
16128	
15229	
16084	
6199	
11889	
10909	
8489	
8632	
4554	
4163	
17184	
10209	
3874	
18768	
18825	
8685	
8643	
857	
13388	
4247	
17528	
293	
2681	
9791	
17047	
761	
13262	
12449	
14439	
6337	
13030	
2337	
16101	
19642	
15153	
10076	
19864	
1671	
10015	
17847	
9551	
18194	
8874	
16392	
11939	
19892	
3647	
5930	
11030	
17824	
15174	
2569	
19386	
13332	
14534	
16049	
11379	
11635	
2843	
19778	
1624	
11982	
4520	
5170	
2547	
19227	
15821	
11148	
15050	
15774	
8243	
14435	
2783	
9128	
3204	
1347	
5332	
9758	
7536	
8485	
11645	
10756	
6400	
16680	
16462	
7187	
10756	
7964	
18999	
10897	
4187	
10887	
14174	
17545	
3455	
18998	
4643	
7273	
7367	
9950	
12868	
15161	
19159	
14381	
13096	
5842	
19475	
6190	
5812	
101	
19674	
18354	
11116	
3901	
5994	
15770	
5983	
17631	
2451	
5240	
12076	
19913	
15134	
11296	
18727	
6733	
17762	
465	
14603	
11494	
6419	
18573	
7106	
6471	
13122	
6944	
3667	
8817	
5648	
14023	
6576	
1425	
9855	
10303	
9475	
13587	
17837	
3409	
9884	
18076	
2659	
948	
9980	
12649	
15901	
12744	
3541	
16578	
12842	
9475	
19866	
14261	
7465	
2000	
4087	
5002	
18265	
10712	
15361	
1531	
5623	
14383	
18465	
11390	
696	
12505	
12049	
19124	
4431	
8328	
17867	
5273	
9799	
13986	
18776	
14480	
12444	
2133	
17943	
19964	
13390	
6101	
2976	
10115	
15070	
12269	
16303	
8268	
5625	
524	
14113	
4654	
1227	
19898	
12523	
18360	
2587	
15961	
19701	
8848	
1412	
8428	
15839	
3806	
1899	
9975	
625	
5227	
5536	
15863	
15553	
19150	
16300	
12083	
3017	
4713	
8120	
6196	
12062	
442	
17049	
8522	
18739	
3985	
10745	
13417	
15727	
12733	
15059	
8827	
5724	
8352	
1675	
19269	
18087	
16242	
507	
17886	
15611	
4786	
12363	
802	
13010	
17558	
517	
12667	
15131	
450	
13142	
2644	
17466	
4141	
7783	
6072	
16802	
18791	
5224	
4749	
19937	
6378	
12126	
137	
16917	
12655	
7815	
13552	
7210	
2074	
17128	
17994	
4620	
20000	
18578	
2139	
4821	
12201	
10597	
16884	
12787	
8505	
5575	
12992	
14235	
14751	
3456	
1057	
15334	
13934	
13742	
17865	
15006	
3816	
11763	
16853	
2107	
17491	
13406	
1746	
19264	
2015	
13832	
15516	
11532	
6438	
12551	
12010	
19005	
2060	
2727	
17195	
14940	
3115	
14296	
12228	
11206	
13719	
13148	
8833	
1313	
10960	
16837	
2707	
2791	
13485	
13076	
3386	
622	
19944	
4791	
17848	
419	
16463	
2370	
874	
19485	
1161	
15666	
5432	
10287	
14777	
19200	
3279	
17331	
7254	
17125	
15793	
11996	
16072	
17074	
8355	
6350	
15718	
13456	
11375	
7351	
4260	
12440	
13515	
3927	
11227	
14906	
11272	
6839	
8656	
3722	
3099	
9797	
3375	
15484	
16754	
2401	
10511	
3111	
15588	
316	
18971	
9747	
4432	
15837	
19699	
11396	
18092	
348	
11211	
6087	
2629	
6130	
18475	
6286	
18298	
19382	
10448	
14531	
18909	
19469	
12434	
2821	
18472	
11637	
5490	
7233	
2709	
8452	
9394	
19293	
14059	
4657	
3951	
10594	
7956	
16724	
1052	
12093	
9068	
10307	
10428	
15907	
16372	
16413	
15408	
8085	
11589	
2704	
880	
7499	
13735	
6949	
1798	
17419	
13909	
82	
15024	
14983	
16352	
1074	
6516	
5585	
19337	
7424	
17925	
1463	
12908	
3914	
5425	
11783	
2071	
1159	
11914	
3405	
7255	
18419	
2778	
9113	
11769	
3803	
3924	
16382	
8668	
19632	
10385	
14365	
19824	
8008	
14869	
9149	
15676	
17586	
18770	
8285	
15579	
4202	
5701	
11267	
14542	
444	
15211	
7156	
19967	
17009	
4981	
7375	
14593	
6686	
3593	
15539	
12441	
4893	
17474	
805	
11311	
16204	
8131	
15316	
16109	
1545	
7008	
8424	
8272	
13033	
7206	
15482	
19137	
18591	
3433	
7596	
3292	
19019	
16369	
8457	
18903	
11456	
7631	
3332	
14310	
4286	
15757	
11973	
16491	
1	
7156	
1941	
16977	
1031	
7760	
12589	
16413	
11228	
19823	
9294	
18204	
11198	
15864	
1080	
12098	
304	
1792	
19094	
12207	
9228	
1825	
13716	
2124	
8752	
3	
5522	
2171	
9116	
12815	
13525	
14635	
15957	
15133	
18753	
2693	
9034	
5081	
3089	
9043	
11428	
5712	
17836	
12651	
19200	
17854	
635	
11686	
4630	
10519	
8949	
2195	
8515	
11262	
17757	
2002	
1471	
13948	
18181	
11200	
11122	
9387	
6371	
19964	
15604	
177	
18276	
13037	
18257	
7790	
13473	
11745	
12679	
9938	
10107	
13950	
7771	
17980	
19935	
6074	
14587	
4690	
9948	
7367	
9161	
12252	
17352	
3203	
16149	
7666	
1132	
10103	
16917	
12943	
18881	
12577	
4776	
14238	
13320	
9112	
10034	
9378	
16515	
12944	
4472	
6805	
357	
603	
4890	
1322	
14949	
2577	
16290	
5398	
12012	
328	
2767	
3455	
14893	
5910	
7506	
17366	
7726	
11756	
14023	
19056	
9631	
2311	
1172	
6138	
2963	
6170	
15539	
8053	
6285	
976	
6418	
4426	
13049	
9216	
12118	
14587	
18011	
3532	
4630	
10145	
10170	
17681	
5357	
9761	
5000	
2795	
12841	
16790	
15039	
11068	
726	
11839	
1504	
4203	
19352	
9896	
8913	
6316	
12741	
6839	
5702	
6966	
1189	
3279	
5193	
10434	
10525	
1558	
5422	
1389	
16259	
9861	
13202	
2819	
2645	
9680	
7110	
15108	
9651	
6658	
14550	
15807	
10420	
7057	
17279	
1264	
6764	
10274	
3495	
4987	
1242	
10713	
11084	
3221	
6089	
17418	
1822	
12975	
9050	
16305	
16350	
11827	
3695	
9873	
648	
16817	
14131	
15749	
14020	
11890	
7746	
8376	
4713	
7634	
19933	
18160	
14060	
2922	
6944	
8315	
13858	
11644	
6671	
7705	
14339	
11547	
1866	
1712	
4479	
12828	
19366	
15846	
18401	
12422	
7220	
9763	
10277	
16610	
6135	
2694	
14590	
15338	
2728	
327	
13265	
1977	
13972	
6404	
12208	
2499	
1668	
3126	
7030	
6714	
4567	
15847	
13601	
4241	
10418	
2560	
19684	
18905	
11667	
19598	
18069	
18868	
13156	
7005	
2773	
18107	
9288	
18339	
17007	
8430	
16392	
15426	
11422	
9769	
1132	
16277	
14539	
7366	
1106	
15737	
9197	
2268	
4069	
907	
12615	
11905	
15401	
5930	
17479	
13442	
8033	
10838	
18024	
11644	
7382	
542	
11652	
12425	
19553	
2178	
15270	
9388	
9378	
974	
3709	
16134	
8626	
1682	
7764	
16912	
18703	
14365	
12110	
19433	
11495	
16424	
1787	
6028	
17375	
8896	
8401	
10029	
896	
16439	
4541	
15057	
19262	
9535	
8784	
4344	
17890	
7497	
3058	
8530	
13295	
179	
18946	
2226	
4172	
9570	
12717	
5283	
3315	
16489	
356	
17766	
15214	
11045	
17156	
2917	
13844	
1968	
2769	
1960	
3319	
3084	
8346	
13030	
8255	
3096	
17270	
13814	
5020	
5442	
10620	
19902	
18526	
16976	
18195	
5432	
11443	
10725	
5032	
17460	
15348	
7040	
9081	
12895	
4236	
446	
8230	
12168	
4565	
7708	
1103	
18577	
3896	
12499	
5617	
2306	
7376	
13571	
16913	
2616	
17199	
9215	
7813	
5643	
14088	
8636	
16631	
8256	
7348	
7686	
5439	
3808	
249	
7613	
5273	
16898	
18387	
222	
15456	
11950	
8488	
1378	
15210	
15287	
6764	
12489	
13219	
4170	
10400	
13203	
18501	
3874	
17420	
15501	
19831	
5131	
17701	
3605	
2299	
10253	
1663	
10182	
8110	
10416	
9851	
7720	
5991	
19996	
15956	
4780	
5934	
3855	
5253	
18062	
14792	
1839	
19599	
13818	
1690	
3576	
172	
14191	
9762	
873	
19081	
2057	
16555	
5781	
4788	
2719	
5420	
14012	
1218	
16454	
12470	
9401	
13222	
9256	
9194	
13990	
12071	
8867	
10179	
3789	
18350	
4769	
12903	
5671	
14597	
2243	
9262	
7365	
108	
19254	
19631	
2933	
8037	
1503	
17085	
6470	
6831	
8062	
10067	
8222	
17400	
4461	
18061	
15982	
18557	
16204	
15297	
14941	
5419	
6479	
8832	
15636	
3342	
15512	
7821	
11200	
16645	
2956	
19497	
16300	
5814	
373	
15404	
4804	
18180	
18082	
16695	
3031	
11358	
18459	
9100	
888	
11076	
3573	
19744	
10753	
6885	
3548	
5069	
19808	
18365	
2190	
5348	
12896	
11305	
6053	
19186	
9137	
4661	
4488	
10857	
16952	
14260	
12752	
4444	
12855	
1761	
4072	
9207	
15951	
16141	
12523	
14425	
13338	
11645	
2513	
6391	
3060	
6154	
5397	
13175	
2662	
8547	
15091	
5508	
5894	
13941	
10188	
2268	
15448	
4332	
16211	
9015	
16185	
372	
335	
10604	
17925	
16376	
10307	
6632	
11281	
6707	
13085	
15306	
12031	
4331	
1473	
14246	
8269	
5861	
5373	
17984	
5927	
10437	
14992	
8385	
997	
18149	
6196	
6909	
3684	
6615	
6458	
12261	
17208	
17728	
11475	
5153	
2234	
3948	
19494	
3776	
8157	
15998	
9295	
13794	
16456	
17334	
19013	
14439	
3373	
1598	
3051	
11757	
2915	
5186	
11962	
1743	
158	
19121	
8685	
16775	
9022	
13199	
12717	
15240	
19285	
2369	
7042	
11794	
7583	
17288	
18657	
14038	
4067	
6857	
1117	
15666	
6008	
7190	
8413	
4026	
2689	
3275	
4997	
10719	
17497	
18430	
12662	
312	
19675	
15855	
17549	
5864	
6248	
8617	
773	
3348	
50	
7184	
18068	
6125	
10969	
7546	
3783	
9915	
176	
18665	
825	
1851	
17478	
17988	
1064	
16803	
5382	
16428	
4263	
19974	
3239	
14724	
17666	
7063	
13569	
14570	
18789	
14743	
16990	
10	
18232	
2492	
3801	
10080	
1738	
1660	
1518	
11879	
8854	
13651	
8749	
16407	
5768	
2740	
7782	
9776	
16980	
11144	
2310	
13163	
18977	
4601	
12685	
5784	
4502	
16539	
11967	
10733	
1936	
13575	
8871	
1961	
6562	
15413	
7314	
12194	
7465	
5306	
16263	
18123	
987	
12149	
989	
2278	
1795	
1125	
7213	
14648	
14365	
13797	
9692	
4529	
13031	
19281	
2015	
19159	
1623	
7730	
16813	
14966	
7907	
6587	
9258	
12931	
18973	
13060	
3152	
5496	
18536	
10122	
19006	
17949	
15323	
10035	
6052	
8043	
19228	
9169	
9806	
14287	
13651	
17474	
5977	
6144	
9833	
6762	
10416	
17892	
2214	
10044	
6665	
625	
4271	
9366	
251	
6833	
3890	
9213	
5624	
9416	
3877	
11612	
18893	
4593	
11511	
9402	
4567	
3434	
5503	
3166	
15799	
17643	
5940	
729	
12697	
195	
8298	
13341	
9909	
3851	
9269	
17695	
18614	
7880	
19046	
12360	
19002	
18453	
4649	
4243	
14383	
19988	
8191	
12023	
1761	
5968	
4806	
3928	
13775	
7460	
8594	
10435	
9397	
5121	
18919	
3632	
13747	
9182	
19657	
4635	
12509	
15493	
2415	
18489	
17274	
15584	
12561	
5535	
261	
4815	
11958	
16893	
15057	
9492	
5974	
2726	
17364	
4168	
14263	
5646	
14646	
8333	
14805	
16116	
14382	
16536	
2465	
5252	
14450	
12912	
1119	
17100	
17306	
9041	
7001	
17199	
12402	
13159	
16931	
4914	
2894	
3856	
14779	
1230	
17522	
7522	
12080	
7242	
11859	
12577	
3696	
14452	
3178	
18640	
7505	
10376	
6601	
10909	
3812	
12213	
7309	
7510	
14783	
9900	
9380	
3151	
5367	
19370	
3596	
7925	
18199	
12632	
18357	
6848	
17417	
16407	
9782	
6717	
11109	
18898	
7400	
314	
14871	
3848	
18563	
6899	
15518	
18103	
10896	
11736	
11845	
16302	
13234	
19344	
7026	
10755	
818	
4842	
19258	
6738	
12906	
19782	
15188	
14938	
15074	
15857	
19793	
14345	
9161	
10470	
16718	
18120	
7931	
8849	
7146	
8235	
11599	
15279	
12917	
2916	
1326	
125	
2727	
8638	
3310	
9840	
13944	
17066	
11858	
12935	
12360	
16924	
1400	
11405	
18044	
6007	
6676	
1994	
11756	
16671	
1725	
16640	
13920	
5103	
10644	
2791	
619	
2125	
17950	
1698	
16325	
19272	
4261	
10648	
9316	
8061	
12302	
9853	
14726	
12396	
10908	
1607	
15432	
1539	
318	
3986	
8266	
110	
16388	
13958	
2546	
4732	
17751	
10709	
47	
9323	
5459	
16452	
12893	
3815	
6138	
6480	
10184	
17650	
1705	
505	
183	
12606	
2059	
19129	
3693	
4959	
18363	
14848	
3843	
14625	
8098	
3270	
2817	
5625	
10644	
12692	
9212	
11297	
2808	
8686	
11375	
18542	
9239	
1484	
2730	
5709	
5779	
9262	
15938	
18554	
12680	
7474	
17590	
2158	
5575	
1829	
17895	
12739	
17541	
16813	
5821	
1506	
16106	
13247	
12184	
11054	
14752	
7378	
13659	
11186	
15580	
13048	
9981	
6034	
835	
13215	
10948	
6091	
12810	
9887	
10134	
17318	
6158	
2884	
5861	
11145	
17132	
70	
13927	
13504	
8760	
17335	
2495	
4790	
19841	
6430	
5262	
13311	
3751	
3189	
12818	
10527	
2235	
19196	
5792	
1465	
8313	
5869	
2218	
6180	
15014	
18656	
19644	
19708	
14735	
9193	
17892	
16848	
11148	
7261	
15725	
7024	
3553	
16925	
5195	
7560	
3790	
15616	
2312	
11150	
17791	
6038	
14947	
18426	
17175	
17531	
19464	
6418	
9223	
1638	
5225	
11160	
18526	
474	
6450	
16857	
17863	
10901	
13930	
11999	
12404	
4701	
8268	
7878	
768	
5701	
11884	
2938	
19799	
17313	
603	
4410	
10212	
12068	
15880	
14200	
16890	
14384	
6105	
13030	
7673	
6123	
4089	
16791	
12735	
17360	
5665	
1269	
11199	
4493	
14406	
19471	
13638	
13283	
9009	
8679	
14615	
4683	
19602	
3222	
9695	
6187	
4	
13249	
12158	
16048	
7980	
10681	
12449	
18508	
12311	
18683	
6658	
11268	
16056	
13675	
8496	
15133	
4571	
16060	
13747	
13569	
11999	
12172	
1163	
16977	
4612	
5029	
5136	
15967	
5444	
18084	
13007	
13185	
4207	
325	
9606	
2805	
11820	
6822	
4763	
19406	
18023	
3062	
16368	
19728	
13263	
11923	
9663	
15273	
12092	
1684	
346	
4877	
2231	
14290	
9223	
6218	
10831	
18860	
7297	
14936	
4738	
10655	
3252	
8261	
15649	
6186	
4874	
5427	
16766	
6960	
19453	
6687	
17251	
10333	
4284	
5716	
16239	
15947	
12277	
10653	
4084	
9741	
8010	
14441	
17852	
2476	
2351	
1051	
8132	
126	
3807	
6338	
3427	
16328	
11019	
17253	
10519	
13015	
18002	
470	
3317	
6913	
7831	
4766	
16648	
4437	
1222	
9331	
11217	
17245	
1037	
18699	
8727	
4128	
14369	
16838	
10665	
17344	
4179	
18581	
19255	
4424	
18920	
3962	
2073	
4166	
16860	
12092	
14004	
3377	
4133	
13416	
4158	
14141	
8425	
17899	
13643	
18399	
11351	
5655	
8870	
18509	
7282	
19168	
13152	
7256	
2010	
16539	
13676	
2747	
18091	
18952	
17356	
10795	
7779	
14570	
13923	
12376	
804	
4314	
2538	
6633	
14893	
1696	
18250	
3627	
6065	
550	
13876	
19320	
16149	
5455	
2937	
10219	
16924	
18377	
6681	
5858	
4654	
18199	
12007	
7236	
7088	
17864	
6626	
18356	
2643	
17418	
12464	
8867	
5336	
12279	
2856	
6704	
15853	
8412	
9912	
7047	
15163	
10689	
5720	
13786	
13393	
10602	
11867	
18266	
19770	
17615	
1456	
11999	
13228	
18528	
12594	
7894	
18185	
15053	
3163	
19378	
8243	
18824	
18834	
2459	
10765	
11777	
16416	
10466	
9557	
5455	
10742	
13434	
10587	
15753	
19613	
18060	
9218	
17929	
3529	
15933	
7848	
3156	
1917	
789	
13716	
12577	
14399	
13672	
18009	
8614	
11661	
14486	
16633	
13916	
10702	
8202	
16711	
3457	
6698	
8551	
14360	
16883	
18104	
13881	
18771	
8503	
12428	
1490	
12447	
6440	
19839	
10997	
6889	
17080	
17474	
16565	
5664	
11719	
15827	
9069	
3623	
1241	
4718	
10423	
3043	
9161	
13935	
17452	
11229	
18587	
11104	
3884	
17929	
9836	
5526	
12770	
10856	
6811	
18410	
14840	
15144	
6028	
11870	
18498	
9475	
10415	
15352	
12665	
18240	
6738	
4185	
18317	
6544	
18575	
2292	
18032	
11158	
17714	
17684	
4058	
2244	
13424	
8086	
16409	
5829	
8007	
19525	
10675	
4185	
966	
5393	
8384	
14938	
1213	
18008	
14712	
11890	
7454	
4787	
918	
7028	
133	
4885	
7943	
16034	
8549	
477	
4262	
3055	
18025	
2605	
121	
10872	
4052	
9131	
18217	
16649	
5053	
11313	
5638	
12155	
5377	
5900	
9679	
14662	
19194	
14689	
16246	
5439	
17038	
4759	
14826	
10129	
1836	
17561	
16782	
19790	
16864	
10745	
11921	
15013	
19095	
15382	
2041	
13076	
14950	
17788	
1971	
15238	
10223	
9419	
15185	
17159	
12680	
13622	
7614	
7038	
10701	
3931	
11259	
12134	
6363	
1449	
3273	
11661	
17805	
7890	
11516	
10502	
143	
3566	
559	
374	
11890	
12935	
5336	
10018	
13638	
15028	
3558	
6230	
17462	
19178	
6372	
17173	
8513	
12661	
4282	
5571	
13522	
7063	
17432	
1349	
11963	
10620	
9006	
9802	
4492	
16163	
1507	
5889	
13073	
12718	
3534	
2977	
10512	
15665	
2884	
6634	
10053	
3781	
5049	
7378	
9031	
4138	
18540	
11727	
18805	
5201	
1364	
17825	
7084	
7855	
6246	
5601	
19217	
436	
6983	
9808	
13079	
14403	
13881	
10529	
18180	
835	
3942	
2319	
7617	
10490	
6037	
4270	
5131	
8449	
4827	
16832	
6880	
8424	
8915	
17331	
7016	
432	
1163	
6673	
3809	
9289	
5093	
8909	
12894	
10640	
9826	
12212	
14629	
8890	
11488	
2304	
2701	
12446	
4004	
6388	
14449	
17608	
3149	
4282	
5485	
15639	
3761	
12672	
5654	
1015	
18427	
7040	
19368	
10945	
1399	
3714	
8531	
13804	
11315	
12747	
18494	
14181	
9964	
16872	
10605	
2153	
14495	
8070	
9504	
5695	
7727	
16227	
5037	
15041	
13943	
18418	
16632	
2617	
2997	
1086	
11409	
9779	
18755	
5801	
14506	
3528	
15427	
2472	
15130	
17583	
18222	
17197	
17746	
4448	
1515	
17721	
17036	
6047	
12284	
4198	
2044	
11244	
14867	
11286	
4259	
10521	
16228	
14128	
8341	
8175	
1971	
1866	
11404	
1910	
14213	
16071	
302	
4564	
6694	
3010	
5937	
17283	
11755	
4897	
18235	
5006	
4779	
15953	
11754	
13459	
2724	
18976	
13409	
13034	
7311	
10193	
9165	
14636	
6362	
12780	
6309	
707	
14991	
13015	
762	
13227	
17721	
3885	
6761	
18973	
14689	
13366	
9149	
9987	
15865	
19034	
4481	
14222	
9549	
11452	
10407	
3838	
17100	
17836	
6225	
7668	
287	
2716	
6233	
7460	
9780	
10167	
7281	
11740	
18819	
2949	
4031	
17332	
2837	
15946	
12000	
14156	
16904	
19275	
11028	
18832	
8646	
9593	
16012	
13757	
3694	
7494	
10206	
15216	
1571	
6386	
19432	
11503	
17463	
11484	
11734	
17494	
19297	
18462	
11288	
6348	
7408	
19272	
633	
8039	
1873	
5504	
9913	
9878	
2077	
7123	
1899	
1553	
94	
3275	
17980	
13167	
5981	
8809	
19397	
17642	
7100	
16623	
14272	
9758	
2775	
18484	
667	
10909	
18847	
13374	
10205	
4557	
17512	
9597	
5116	
14501	
5393	
8249	
18764	
16990	
1098	
528	
5940	
14328	
13906	
11722	
9301	
12845	
604	
18712	
4023	
13247	
2582	
15315	
4079	
12725	
5679	
11030	
3015	
18903	
7849	
14008	
16077	
10961	
16477	
10641	
3636	
15961	
1687	
16585	
13634	
16717	
9333	
8822	
4626	
9962	
15752	
105	
11068	
17383	
6526	
19299	
17637	
10648	
2407	
9608	
7076	
13893	
19523	
3302	
4124	
1858	
14523	
14597	
9335	
17596	
17733	
17376	
10248	
3210	
10908	
1794	
4337	
12334	
17080	
19254	
16008	
19141	
18879	
7273	
9341	
6489	
1700	
10847	
17294	
12346	
9735	
14348	
14710	
5120	
18959	
263	
18519	
9803	
18554	
1885	
7001	
5897	
10316	
8223	
14364	
15373	
3677	
10779	
678	
6857	
8325	
6741	
15465	
11548	
9299	
11710	
1359	
16304	
19817	
6180	
8310	
7505	
9320	
12438	
2286	
14229	
3653	
18821	
10807	
15763	
17189	
6478	
16316	
18377	
10431	
11864	
3994	
13175	
3884	
17276	
12632	
17229	
17371	
13072	
2136	
12292	
12495	
15691	
267	
4282	
5902	
16305	
17831	
7488	
13364	
15078	
8144	
15582	
699	
4065	
1784	
10358	
13853	
1671	
10877	
1765	
15569	
15132	
11403	
13580	
12263	
19520	
9507	
4473	
3733	
12207	
1114	
17779	
6616	
2387	
11525	
14701	
4018	
431	
1753	
5359	
15289	
13311	
8586	
18828	
12157	
17617	
5104	
15567	
19601	
9042	
3012	
18913	
3014	
7683	
13232	
15906	
15795	
3209	
3810	
11609	
18317	
14940	
1783	
17284	
8099	
13475	
16213	
17703	
4933	
9092	
6035	
10298	
14805	
4983	
7741	
4147	
8333	
16681	
16810	
18968	
17348	
13274	
5558	
12601	
3849	
9169	
18735	
9502	
14293	
1058	
17110	
11658	
9791	
15833	
12203	
4622	
15287	
3994	
18321	
16653	
16393	
980	
1208	
12541	
12910	
16565	
12468	
12242	
15640	
15353	
3438	
2425	
5432	
15246	
8426	
14984	
17090	
5146	
8128	
3273	
8797	
4780	
15901	
13615	
11770	
2221	
19829	
3588	
10161	
2779	
18274	
11569	
4017	
19971	
10744	
19396	
12251	
5442	
398	
4333	
17108	
18213	
3835	
19312	
10779	
12256	
12597	
5875	
2672	
11214	
5652	
4952	
12049	
14819	
915	
9560	
623	
16638	
15744	
16942	
14849	
1062	
8541	
4098	
12008	
1917	
15469	
17966	
9365	
12168	
14075	
15322	
17775	
8896	
8813	
7091	
19536	
19804	
3945	
16196	
12608	
953	
3210	
5639	
2310	
2999	
10082	
8891	
8483	
3623	
15644	
902	
11670	
6232	
19239	
15496	
9948	
9236	
15421	
14904	
5403	
5053	
211	
13606	
16871	
3199	
11079	
13100	
4742	
8041	
16643	
932	
16907	
194	
13341	
3141	
17554	
13517	
6140	
647	
6359	
8976	
2255	
13648	
14144	
6215	
14135	
9471	
2517	
19736	
18846	
18728	
14247	
18962	
4974	
5024	
19589	
11486	
477	
18942	
6616	
11948	
4814	
6840	
17051	
12675	
11562	
9581	
8893	
4113	
10646	
16290	
4925	
8866	
9469	
10079	
5438	
14464	
1500	
1516	
5360	
5677	
3413	
6520	
11339	
3289	
10752	
5246	
14300	
12824	
9389	
10873	
1026	
5585	
10626	
18271	
14880	
13435	
5573	
2326	
4922	
16949	
13437	
2640	
765	
2099	
5629	
17785	
19785	
960	
3851	
16327	
3447	
8082	
13489	
745	
3897	
12314	
19928	
18925	
10998	
18298	
5892	
5615	
9938	
6637	
16965	
8856	
11762	
1151	
1009	
12328	
52	
16439	
2002	
5117	
4874	
15529	
8623	
10151	
19807	
19701	
10558	
2239	
16322	
19865	
2237	
3219	
4791	
13395	
17987	
6381	
6426	
10291	
4730	
9196	
11696	
14767	
1369	
14733	
9316	
7363	
13446	
13522	
1388	
5887	
15022	
19129	
16552	
17886	
18886	
14435	
11184	
11985	
15684	
11465	
11701	
8591	
12593	
10516	
1694	
13587	
18294	
6015	
16955	
13924	
7205	
19975	
15011	
8777	
13222	
3566	
4462	
7165	
14096	
19132	
6321	
7918	
2550	
876	
10817	
5396	
19666	
19175	
9900	
14560	
2690	
18961	
16820	
1563	
18471	
18846	
10594	
11986	
16375	
290	
7527	
5474	
3084	
11706	
18906	
694	
13167	
3341	
13401	
2783	
10750	
11458	
419	
14626	
428	
5577	
3770	
18032	
1291	
17985	
8257	
7773	
1306	
16203	
3890	
1143	
18849	
5975	
5199	
9029	
7007	
18376	
9439	
17315	
12103	
536	
11141	
13734	
12253	
6685	
5289	
11726	
16257	
8973	
18970	
15182	
4974	
2754	
19754	
7630	
3646	
19785	
1083	
5378	
12815	
7222	
18360	
18485	
13079	
11267	
11466	
2301	
19317	
10204	
15346	
15252	
16076	
6457	
3127	
2152	
12191	
18786	
9622	
1540	
18629	
6827	
2457	
622	
9766	
3618	
3867	
17274	
7973	
2972	
1617	
13814	
9423	
1835	
4095	
11652	
14045	
15486	
18028	
8545	
15642	
5114	
4686	
4794	
13237	
293	
11242	
6128	
14326	
3445	
10408	
10029	
17143	
16368	
19283	
18619	
10024	
6530	
17	
3512	
8537	
11092	
6804	
16827	
8046	
4504	
13723	
9431	
16006	
16384	
7090	
9451	
6488	
2986	
14562	
19763	
11955	
17260	
7091	
14517	
2990	
15486	
9966	
16297	
1594	
5450	
17713	
11737	
2926	
9878	
8605	
7894	
18135	
2673	
19539	
4726	
19173	
1105	
9319	
7992	
6579	
14394	
3601	
18029	
13789	
8000	
16669	
938	
2367	
1476	
16803	
4631	
1865	
17337	
7327	
6594	
13824	
18272	
6850	
17022	
12705	
13449	
10468	
12504	
18856	
8925	
19900	
3706	
3192	
16438	
4392	
6416	
10917	
7442	
2291	
9285	
1078	
6737	
15301	
2517	
460	
15304	
16099	
7855	
1310	
15520	
17777	
11992	
3730	
13856	
11886	
6585	
5500	
10519	
16634	
3982	
6076	
15500	
7773	
19279	
18636	
4424	
18678	
2907	
9451	
2454	
19530	
5762	
7946	
19683	
9941	
14726	
8262	
856	
8120	
19679	
15741	
2609	
16254	
240	
17525	
11360	
18656	
10315	
12711	
4199	
1483	
3183	
806	
803	
9255	
8688	
17470	
6647	
3187	
17089	
1881	
8164	
1	
8894	
17663	
1269	
15231	
2774	
1865	
9347	
11467	
15025	
8977	
4977	
18797	
11206	
2809	
14387	
10010	
3026	
19237	
15337	
19119	
9789	
13127	
68	
17970	
7336	
19861	
6293	
1227	
2035	
11717	
6477	
8641	
5243	
3955	
8092	
17204	
2473	
15065	
13638	
8484	
8800	
18807	
13477	
533	
10931	
10195	
17003	
19947	
19226	
6783	
14857	
2645	
7918	
3590	
17149	
19071	
18822	
3258	
994	
4330	
19293	
16596	
18137	
14434	
147	
6264	
10648	
17758	
7521	
1709	
19251	
18568	
11316	
5827	
19360	
1261	
11073	
7043	
17572	
19023	
11142	
1561	
1639	
15881	
18193	
12754	
3003	
3554	
8488	
17636	
4639	
10546	
646	
17393	
18113	
10195	
9571	
5921	
17440	
9510	
4764	
1331	
13101	
12190	
9831	
13232	
10591	
11337	
14020	
17429	
7084	
16269	
2527	
13594	
10426	
5906	
12019	
4360	
3270	
17757	
6516	
453	
13089	
4801	
16974	
5621	
17468	
1607	
19122	
9588	
3391	
13727	
434	
15079	
14254	
2266	
17877	
17784	
14004	
14002	
5316	
18875	
12635	
9484	
19878	
2080	
11321	
10578	
18440	
313	
2286	
12504	
1591	
16903	
11758	
17315	
10326	
11338	
9167	
17406	
2894	
16061	
15020	
12125	
18183	
14432	
6727	
16133	
14997	
16082	
14494	
13474	
17544	
12954	
10514	
10774	
16594	
16304	
17629	
13975	
14182	
2276	
4739	
15088	
10985	
3441	
13398	
10602	
19909	
8555	
18048	
9410	
3163	
15455	
1537	
8566	
8122	
2707	
9591	
1688	
5520	
17743	
19380	
2580	
1695	
196	
13031	
1827	
2462	
16269	
11557	
4566	
7547	
1125	
8772	
11091	
6545	
16997	
15263	
18007	
5899	
3378	
9780	
16261	
18035	
12525	
1382	
6192	
13611	
16626	
17480	
5338	
13489	
14178	
2190	
605	
18404	
2112	
310	
1381	
7985	
9986	
18981	
10699	
2041	
15811	
19351	
5568	
11116	
5261	
2844	
16398	
13035	
18068	
17860	
19789	
8334	
9947	
15063	
3854	
6534	
8017	
7859	
3711	
10446	
18322	
3661	
10727	
10887	
5887	
9110	
19941	
8876	
8325	
3995	
16334	
17369	
937	
12168	
9121	
17747	
19299	
9520	
73	
6837	
19132	
2787	
2653	
1765	
882	
13762	
15876	
17082	
10417	
5468	
7332	
4093	
2721	
17650	
19923	
12991	
12562	
6056	
10908	
19875	
6066	
16822	
18353	
10517	
19223	
14517	
3034	
16809	
1010	
9098	
14375	
4538	
3382	
10785	
8499	
18324	
6799	
8000	
15487	
612	
4746	
1164	
11027	
4393	
12703	
4104	
4523	
786	
1584	
3649	
18160	
4618	
592	
16371	
6168	
1612	
12347	
14164	
1094	
6977	
17166	
3062	
18058	
15587	
19494	
8214	
18286	
18251	
14470	
7735	
9424	
1202	
15264	
3597	
987	
16555	
19960	
16779	
14573	
13677	
13251	
12950	
4081	
10091	
13652	
14532	
7825	
8443	
13554	
12910	
2029	
926	
6788	
18842	
12567	
1372	
7138	
12411	
3741	
17064	
11313	
461	
12497	
13309	
1405	
5687	
6572	
15626	
1370	
6499	
6242	
14794	
8901	
10719	
11285	
12751	
19366	
6184	
15562	
461	
12688	
9925	
5974	
16483	
14495	
13138	
17930	
8210	
9456	
19570	
4822	
10215	
17912	
18008	
1498	
17241	
13667	
19828	
11157	
2550	
3375	
3595	
19886	
5727	
11901	
8266	
16154	
12081	
4755	
17218	
12765	
10681	
17607	
6107	
17934	
14056	
17200	
13855	
11790	
12323	
7026	
4262	
4981	
15101	
19675	
14581	
12970	
1084	
9448	
13010	
19516	
3711	
1849	
17804	
11266	
19255	
11910	
6604	
12181	
1043	
16549	
2948	
6224	
3379	
2661	
9867	
4367	
16322	
9199	
4402	
4881	
19048	
4295	
18546	
15615	
14375	
5492	
15085	
1654	
4585	
5863	
2788	
5772	
8834	
7254	
2267	
2332	
3102	
1990	
12215	
18821	
12279	
5696	
9830	
11034	
10712	
14844	
10359	
10318	
6580	
18016	
7144	
9304	
19209	
10793	
15507	
1238	
5046	
18973	
2440	
1843	
4346	
14789	
17546	
2821	
5033	
15668	
9724	
9286	
10273	
18925	
3036	
7946	
10789	
12778	
15215	
19198	
7950	
12184	
5490	
15987	
15205	
15448	
16772	
17979	
17843	
8054	
18824	
3319	
13658	
3039	
8732	
13910	
12086	
4384	
6156	
6029	
14873	
14979	
4494	
10977	
10239	
11712	
7293	
18870	
635	
9961	
10076	
15090	
14563	
6779	
17979	
2614	
11618	
13256	
7532	
9759	
6924	
14456	
148	
8860	
18235	
13135	
12961	
5494	
17439	
1903	
4673	
14136	
4014	
16407	
13358	
13787	
14443	
19267	
5479	
9520	
7054	
12036	
16735	
3065	
754	
11906	
9235	
4380	
15920	
374	
19494	
6996	
10277	
14845	
8983	
5302	
14354	
3782	
5067	
10166	
15776	
10897	
2038	
1808	
19143	
5836	
1409	
3219	
1420	
15278	
11659	
4527	
3181	
9427	
8308	
7503	
3804	
15874	
4546	
15234	
15055	
14813	
8316	
13099	
2485	
16622	
5165	
17254	
1523	
11396	
2691	
3581	
1933	
5771	
8557	
6606	
11864	
4541	
8843	
16268	
106	
5873	
5504	
17862	
7252	
2161	
13952	
17689	
1430	
300	
9401	
13341	
5241	
11698	
9250	
6475	
7304	
4836	
3984	
14442	
15610	
384	
10137	
7600	
11314	
8581	
11913	
12083	
12692	
16074	
10982	
13529	
913	
2058	
16393	
12251	
19983	
11478	
2542	
913	
1950	
13160	
9989	
10926	
17760	
13019	
11971	
11724	
4742	
13933	
9556	
2338	
8119	
14413	
6334	
14042	
1608	
11754	
1612	
3439	
3628	
215	
19874	
15540	
13386	
16194	
9357	
6337	
19945	
16214	
17344	
10401	
6625	
5770	
12883	
8755	
10589	
2428	
17703	
18484	
11245	
14513	
2022	
11789	
182	
15012	
11076	
2454	
17229	
5648	
7414	
13445	
8987	
6195	
16967	
6328	
3594	
8012	
270	
18847	
2848	
1935	
17321	
15083	
16289	
8835	
10971	
18348	
13754	
2968	
7529	
12281	
18258	
3612	
7155	
5	
15950	
14742	
3559	
2409	
18845	
13880	
9618	
8086	
6714	
12383	
10854	
11887	
754	
13237	
8468	
15774	
13808	
3671	
4908	
8980	
12018	
8070	
4567	
6114	
15954	
8481	
6570	
6212	
1757	
1032	
15576	
6981	
5172	
2478	
8809	
16833	
4747	
11920	
19737	
3889	
3238	
16457	
7043	
10351	
9599	
14074	
4972	
11275	
18513	
5988	
16119	
18040	
11475	
19034	
5140	
12133	
7203	
19767	
9949	
152	
11496	
17485	
4525	
155	
9912	
11263	
14879	
11663	
13893	
2885	
5475	
14554	
3051	
14850	
8756	
4062	
11526	
19008	
11545	
5226	
6772	
4480	
19031	
17578	
17295	
3773	
7086	
9616	
7014	
6282	
12513	
14877	
15991	
4957	
15588	
903	
7517	
4261	
1739	
5560	
1131	
1110	
14752	
13740	
4775	
13411	
15689	
16876	
2377	
2804	
7619	
10717	
10601	
16258	
19386	
10975	
15512	
13328	
6875	
10814	
11551	
8194	
815	
11895	
15429	
17231	
9263	
6914	
16198	
2000	
8167	
1767	
11817	
13584	
7105	
19873	
10061	
3191	
9382	
11259	
5538	
14562	
3823	
6734	
9145	
17960	
17907	
11589	
14291	
5307	
2202	
15613	
14730	
19138	
11046	
11563	
9647	
6455	
594	
7068	
10246	
19318	
4785	
19106	
17757	
5350	
12797	
2206	
19558	
14130	
2548	
14253	
7538	
12103	
18140	
15228	
6159	
10866	
16428	
14688	
19168	
13492	
17318	
7744	
11353	
217	
2910	
545	
9728	
8922	
16382	
4762	
17942	
7526	
16858	
4186	
4440	
5568	
14289	
3162	
514	
13659	
12228	
2630	
8416	
19555	
19322	
16390	
4765	
1173	
7722	
4686	
17941	
2913	
13246	
18121	
18316	
6232	
1661	
13687	
2261	
13162	
3429	
19099	
18899	
4733	
3670	
19074	
11012	
12443	
7115	
14835	
18649	
16236	
6098	
10454	
11484	
14448	
17124	
2542	
9215	
2364	
9856	
19501	
6935	
13606	
14485	
9201	
7506	
7615	
18825	
11737	
621	
14771	
1476	
12200	
15514	
15886	
12808	
10623	
8388	
216	
119	
5498	
11210	
17043	
8521	
18747	
5071	
19436	
6339	
4650	
17319	
16253	
17160	
13831	
17613	
17500	
16353	
10072	
10182	
17796	
19337	
12382	
17685	
11070	
2734	
18724	
3637	
554	
15530	
1765	
5636	
1837	
18224	
739	
13841	
8562	
929	
18683	
14929	
18630	
14987	
17567	
3293	
16288	
9302	
16147	
16340	
11580	
8579	
1508	
19539	
14592	
4242	
15344	
5364	
13936	
17912	
10589	
1182	
10214	
1612	
7267	
17093	
11518	
12424	
4909	
18252	
18109	
5502	
2058	
46	
6327	
15069	
13927	
5396	
2676	
4171	
3534	
19306	
17409	
11198	
18801	
5699	
6629	
17518	
16774	
16970	
1539	
3780	
8064	
11581	
17012	
7133	
1104	
17799	
1962	
4352	
12623	
1387	
14858	
1536	
13931	
9272	
19531	
19063	
18540	
18291	
12263	
9142	
19867	
7720	
11378	
473	
18646	
8872	
8012	
5184	
18812	
4314	
19437	
14231	
19140	
18876	
18641	
1482	
4780	
8449	
7464	
6619	
2984	
18344	
18361	
6335	
14036	
4781	
9594	
4139	
11440	
12349	
17640	
13780	
5769	
3838	
16614	
9234	
15226	
15652	
353	
5557	
406	
14831	
1480	
12733	
16812	
5447	
15530	
9756	
19305	
12590	
1201	
5060	
11065	
16364	
17726	
13273	
7050	
6713	
19763	
18230	
173	
18043	
19867	
5547	
18862	
1144	
5010	
18620	
18782	
17140	
10026	
2282	
18677	
3206	
594	
3513	
7481	
11035	
16195	
14376	
11569	
2332	
8715	
8405	
13281	
15159	
16388	
19437	
4544	
3111	
16330	
6448	
3294	
3504	
11590	
11187	
16194	
7928	
2382	
10268	
8701	
7498	
2208	
14431	
13396	
15458	
996	
16833	
6119	
6484	
6403	
13407	
6623	
14892	
1265	
1918	
2073	
13051	
7592	
18946	
15117	
3010	
10560	
5271	
2074	
5928	
2983	
15195	
14314	
7997	
5027	
14784	
1261	
13032	
10898	
17318	
15909	
11624	
11933	
11584	
6744	
16363	
10408	
15787	
15254	
5966	
4891	
7026	
4826	
11715	
6392	
15667	
5406	
14956	
16547	
15544	
17235	
1518	
19241	
8227	
15515	
5510	
8798	
5142	
1119	
19867	
18839	
575	
13366	
2466	
6267	
6513	
7217	
4250	
12915	
9133	
13356	
17632	
11558	
16222	
2914	
2583	
5481	
15238	
4762	
14050	
14170	
444	
1744	
18098	
603	
5790	
822	
18480	
2866	
5440	
6141	
4470	
4500	
9423	
570	
18190	
4835	
12960	
458	
6823	
515	
3652	
13770	
163	
19320	
17297	
19458	
105	
16485	
1803	
18708	
14370	
10304	
2989	
18305	
5015	
12567	
15796	
16538	
11835	
13352	
16051	
10974	
2942	
13995	
13550	
14802	
4371	
1205	
7096	
11448	
10908	
2607	
9311	
7684	
9734	
4814	
12595	
14869	
12742	
8857	
13327	
8959	
13557	
9964	
7475	
1510	
15098	
571	
13192	
13323	
2212	
147	
18880	
1122	
11211	
10097	
6232	
4870	
4453	
14662	
9080	
2981	
815	
3341	
18898	
11729	
14784	
9762	
4857	
12773	
5612	
2039	
5543	
18491	
12736	
11893	
9770	
15285	
1712	
4553	
10348	
5726	
15720	
15709	
1954	
17284	
8602	
15906	
14053	
13742	
640	
3860	
8382	
17760	
19965	
5653	
4988	
3635	
7447	
19972	
15277	
13228	
6095	
6325	
13782	
16462	
2841	
18941	
17490	
11214	
13577	
9864	
17213	
11357	
11566	
8668	
2878	
1664	
14602	
1367	
5008	
17716	
1380	
13592	
7427	
2301	
420	
18480	
11911	
4836	
5588	
6481	
8997	
2015	
5282	
1724	
7898	
5730	
19645	
795	
66	
11827	
12615	
590	
17503	
8499	
18067	
19583	
16108	
5522	
7845	
10963	
11056	
11589	
8619	
19160	
19183	
16425	
15797	
15488	
14584	
12614	
1634	
7836	
12172	
2738	
13185	
1424	
11335	
10374	
1265	
2950	
18703	
1154	
18496	
12617	
19941	
6221	
12952	
4938	
1924	
17125	
15153	
4525	
17835	
19549	
9036	
5387	
6712	
17424	
3499	
11159	
660	
11103	
6070	
15376	
10008	
4123	
16473	
7835	
2264	
6845	
18214	
3397	
2443	
13842	
4233	
5241	
13481	
18631	
8235	
7063	
15197	
18520	
14197	
3136	
17118	
3854	
12591	
12349	
6754	
16522	
9733	
14355	
2521	
8512	
18761	
7339	
18211	
19169	
8150	
19588	
11375	
10396	
7784	
1332	
1696	
6824	
12128	
15122	
9960	
12677	
9981	
12565	
12047	
18181	
19788	
13316	
471	
8595	
3863	
17381	
98	
13256	
14414	
12588	
11454	
13893	
4525	
7897	
15361	
3704	
17644	
11920	
6867	
5129	
4093	
13828	
9643	
6437	
15787	
15358	
6646	
19736	
7311	
16665	
7762	
19461	
18183	
13683	
3608	
19411	
14221	
5035	
6752	
18288	
13861	
7430	
15270	
17745	
18808	
1158	
15834	
18819	
1397	
11680	
16609	
9777	
6187	
5662	
6652	
16116	
12386	
11782	
10404	
10272	
8799	
5241	
3273	
780	
10671	
1279	
19871	
9059	
16797	
8961	
9109	
11290	
8331	
15712	
2548	
13153	
5300	
3919	
5696	
1180	
13671	
7158	
13995	
4893	
12357	
19357	
276	
16037	
11928	
4686	
886	
18916	
6449	
9025	
2616	
4976	
1269	
7240	
2966	
13658	
8296	
13148	
6339	
16800	
14760	
12577	
8666	
5929	
11389	
2336	
393	
18944	
16155	
15297	
12337	
7224	
12121	
4691	
6055	
1587	
19408	
5694	
15802	
8617	
2571	
4862	
495	
13262	
8502	
15712	
3688	
10171	
2869	
10187	
7446	
2544	
14361	
18077	
10332	
14146	
9535	
17021	
7905	
12169	
10976	
367	
17072	
14772	
5299	
9058	
3056	
13414	
2798	
9394	
13796	
7967	
7965	
2147	
9381	
5872	
4692	
1959	
8770	
7345	
18695	
3461	
8702	
9611	
5706	
1710	
18190	
7471	
13958	
19475	
4850	
17204	
11667	
16640	
3646	
9228	
3070	
9926	
8101	
17306	
11294	
11822	
19910	
11793	
6411	
11766	
219	
775	
19035	
9500	
17362	
7179	
1418	
1009	
1288	
14327	
13471	
12803	
15568	
7312	
9519	
8625	
827	
13087	
18169	
17071	
7014	
16972	
9888	
2155	
9897	
15828	
10678	
19853	
11047	
5729	
3809	
5680	
14919	
18631	
6108	
14634	
17891	
2334	
12709	
2495	
14513	
10369	
163	
9461	
17161	
9416	
18806	
15861	
2782	
11846	
8442	
1905	
9991	
19089	
13331	
19949	
1824	
6038	
13996	
573	
15056	
19643	
15732	
473	
7395	
8466	
10688	
4039	
6185	
13031	
16424	
995	
350	
12281	
7423	
19204	
4291	
18399	
5446	
11577	
1604	
14151	
8771	
10629	
18414	
11721	
592	
6971	
4932	
7507	
14576	
5461	
6235	
7552	
19095	
19754	
15421	
16713	
2640	
19853	
8619	
8959	
9143	
7155	
19094	
14971	
11730	
14752	
4976	
2611	
19298	
17608	
7879	
5147	
6993	
8066	
12313	
2005	
13486	
7837	
93	
13467	
17510	
10750	
4415	
16305	
19235	
2883	
6295	
7520	
6727	
3409	
15577	
19199	
16262	
13714	
14466	
13370	
4199	
11382	
7265	
10572	
14423	
3881	
14340	
6967	
10617	
3231	
1249	
18448	
4715	
5727	
19694	
1657	
8783	
6999	
3012	
4462	
12118	
15681	
5120	
16954	
2756	
17558	
7687	
7470	
13698	
5493	
15921	
3664	
15203	
19937	
14734	
6985	
1924	
12401	
13955	
15085	
12854	
12714	
1747	
7215	
4694	
18979	
19016	
13546	
15943	
11169	
9358	
5678	
1749	
8672	
14830	
4820	
7056	
13595	
16113	
13575	
6109	
10189	
910	
2121	
16614	
9912	
17108	
8439	
7334	
19697	
6739	
11191	
10895	
15779	
15889	
8215	
9343	
9468	
550	
16556	
14834	
4033	
2183	
1677	
11964	
5687	
4790	
17540	
5381	
7363	
5395	
17489	
11616	
12366	
15045	
17447	
6569	
10630	
15449	
14251	
10924	
19704	
2489	
19983	
17321	
5297	
18143	
6799	
17848	
6888	
16174	
7995	
5837	
14033	
10778	
18973	
13821	
8873	
12061	
13945	
6780	
791	
220	
16335	
9064	
3181	
13322	
1751	
10884	
15359	
1546	
7001	
3081	
18366	
3285	
7779	
15507	
6405	
13880	
1220	
13184	
5173	
11448	
1516	
1380	
5707	
10150	
15333	
9148	
14783	
451	
4172	
13988	
14116	
13212	
9971	
18019	
4697	
8855	
1057	
10722	
2659	
1804	
334	
434	
4176	
5459	
3383	
16239	
8896	
16938	
153	
7711	
17740	
111	
12019	
8784	
11371	
10422	
5074	
5597	
7844	
13819	
13051	
15592	
19413	
8294	
19785	
17191	
4403	
2762	
15122	
8610	
13433	
19032	
12484	
1239	
16216	
5732	
16147	
6328	
15966	
17453	
11709	
15392	
3087	
19771	
3801	
17937	
16628	
437	
9284	
12256	
1502	
17169	
9768	
19649	
10106	
3494	
3842	
13022	
8933	
9389	
17276	
14717	
13120	
3104	
17914	
11545	
1374	
16541	
3357	
188	
8186	
6939	
2637	
18942	
14090	
16942	
16500	
672	
13327	
2401	
15677	
4928	
5274	
17905	
13141	
17462	
15594	
2250	
994	
13905	
4573	
11129	
8795	
9536	
8234	
15314	
11574	
12934