2901	
9744	
9251	
5385	
4644	
5537	
3629	
8431	
2873	
4506	
4467	
6389	
1081	
757	
1241	
854	
1364	
7966	
2351	
3950	
6575	
8048	
2343	
6919	
3923	
8645	
550	
5679	
2507	
5459	
1953	
7234	
235	
1927	
9332	
1989	
4178	
4530	
7983	
9699	
4439	
7833	
7968	
5213	
7660	
493	
9688	
5052	
9093	
6198	
9529	
5583	
802	
1345	
1615	
3208	
699	
2120	
4144	
5333	
9850	
7839	
6696	
3026	
4692	
4826	
4420	
234	
3379	
2168	
3785	
7220	
1709	
389	
209	
7526	
4546	
1290	
2824	
1624	
4225	
7803	
5613	
5653	
6103	
9484	
5937	
4274	
668	
9327	
2337	
1511	
8398	
2473	
1233	
7402	
8985	
997	
5654	
7402	
7612	
4820	
4323	
2408	
4239	
1132	
8491	
5779	
4245	
7358	
260	
2181	
7009	
6594	
6087	
3879	
7913	
3028	
2372	
3887	
2504	
3727	
8354	
9921	
3382	
658	
3606	
9218	
3920	
5098	
6861	
9198	
2616	
9325	
2429	
5286	
4392	
2111	
1925	
4852	
3436	
597	
4298	
710	
5095	
4253	
9621	
8909	
9206	
4266	
7267	
3174	
135	
3734	
4967	
6430	
2299	
4269	
8284	
3504	
6624	
5151	
5464	
811	
7672	
4768	
1282	
6680	
3640	
4803	
4690	
40	
6585	
852	
8696	
9868	
4433	
642	
3351	
1334	
5353	
157	
1238	
1517	
2903	
8274	
2846	
7775	
3927	
7893	
8139	
7192	
6674	
8130	
1042	
1531	
3491	
383	
9138	
7418	
9975	
4454	
8928	
8213	
3357	
9098	
9234	
985	
8759	
3111	
1730	
762	
8783	
3929	
1205	
5469	
6056	
9833	
8009	
5621	
8912	
8863	
1354	
9048	
6217	
2817	
9748	
7366	
5458	
2910	
5701	
2333	
3778	
2545	
9543	
638	
1685	
1683	
3825	
4855	
3939	
9325	
1783	
6569	
708	
9404	
5587	
9281	
3133	
7284	
1445	
961	
6056	
9878	
1564	
1773	
5483	
5386	
9634	
2371	
8925	
2607	
3861	
7516	
2884	
1927	
6135	
3518	
9680	
8687	
6120	
872	
9130	
2822	
7975	
8244	
5123	
9077	
7456	
1856	
513	
3031	
1741	
9231	
9037	
2137	
8928	
9558	
5020	
3710	
9928	
9052	
4662	
8164	
3340	
8151	
991	
8223	
6137	
1207	
6005	
4668	
8753	
1727	
7378	
5455	
1086	
5353	
2913	
2379	
5544	
5132	
1934	
6699	
9876	
7275	
302	
6791	
3494	
6746	
6022	
8820	
5733	
1470	
1994	
6183	
4383	
2771	
4682	
3702	
8146	
209	
3133	
7073	
9525	
4345	
7811	
514	
4722	
5399	
1112	
8213	
2037	
7695	
4596	
8245	
6344	
9181	
9229	
7697	
7787	
6698	
641	
5708	
5318	
9172	
6491	
6650	
6743	
7794	
4310	
1293	
9545	
964	
555	
2224	
9704	
6726	
3113	
2850	
3285	
746	
837	
9762	
5953	
1911	
8203	
4110	
4346	
4178	
5340	
2817	
4606	
1356	
4510	
3950	
8409	
2696	
5321	
7394	
9223	
8103	
7870	
7812	
6518	
8448	
3360	
1393	
8703	
8545	
9217	
9733	
3337	
4284	
6924	
1342	
3452	
3303	
3458	
7042	
6241	
8138	
2501	
9172	
5688	
7091	
8506	
6661	
6221	
338	
3086	
6909	
6002	
9593	
1083	
2473	
7673	
8692	
1994	
5795	
598	
5739	
3343	
2901	
300	
386	
7386	
9515	
8846	
4418	
8534	
674	
9562	
8148	
5510	
8322	
2154	
4773	
194	
8274	
2786	
4055	
7997	
672	
4809	
8878	
6427	
5348	
9120	
7187	
5821	
1136	
7397	
4642	
4862	
1456	
1224	
8249	
6795	
7792	
3766	
4574	
8632	
3041	
6784	
4325	
1914	
2082	
6430	
9154	
1897	
471	
7710	
2829	
3885	
2565	
5243	
8607	
5276	
474	
6204	
9307	
1960	
2686	
1181	
2360	
7151	
9319	
5145	
9913	
1598	
799	
9912	
4883	
5358	
9104	
2831	
5849	
5978	
5220	
4661	
8022	
1687	
8018	
3575	
5213	
7389	
2228	
8618	
8426	
9245	
8145	
7289	
1576	
7862	
3785	
5949	
4807	
4893	
7360	
9759	
4277	
9967	
4658	
7846	
4955	
1216	
7974	
5312	
6367	
1762	
8540	
7637	
3121	
596	
6067	
6729	
5252	
7137	
5774	
1583	
339	
7435	
5657	
5697	
4663	
4807	
6846	
9584	
3283	
9591	
2642	
3502	
5803	
3330	
5264	
1472	
3401	
3128	
9911	
7747	
5885	
907	
3930	
8926	
9482	
622	
8473	
9044	
4658	
8298	
6030	
7254	
8501	
1131	
9753	
992	
3367	
1077	
8904	
2141	
2657	
8065	
9429	
3130	
716	
9386	
2082	
8821	
3917	
2125	
5087	
160	
8019	
8333	
6522	
4124	
6045	
2038	
5395	
6242	
6115	
2547	
4234	
6095	
8310	
3790	
5528	
4348	
5322	
987	
8976	
4018	
9102	
5764	
8437	
7222	
1402	
8384	
4216	
1788	
6958	
6403	
6476	
3553	
5210	
7113	
3164	
7164	
6179	
4829	
1558	
5989	
1943	
5801	
7550	
2770	
1329	
1022	
4469	
9264	
989	
4996	
2475	
2928	
4347	
1523	
4741	
3942	
5033	
2424	
5573	
9212	
8298	
7051	
2423	
6219	
7265	
8524	
2003	
6785	
5167	
8860	
4957	
7002	
5843	
9402	
238	
4632	
3426	
6602	
2503	
476	
478	
6120	
9031	
2975	
1682	
3617	
6979	
5913	
6889	
1279	
8232	
9550	
7386	
969	
2246	
8139	
8175	
6589	
973	
5647	
167	
6387	
8574	
6158	
9720	
9484	
1436	
6919	
3520	
3799	
2749	
2589	
3411	
2285	
7742	
1871	
8767	
9896	
1755	
5187	
119	
4842	
6282	
4974	
1393	
8646	
9277	
1131	
9093	
98	
5007	
5934	
1647	
6536	
5091	
4731	
8937	
4561	
2914	
1445	
570	
3208	
6576	
8530	
3317	
9284	
3885	
1271	
4069	
3609	
4644	
5561	
8517	
9919	
4802	
9373	
8812	
8312	
9800	
7834	
8819	
1659	
9976	
6420	
2095	
3019	
896	
1639	
7287	
8422	
5154	
906	
1690	
1525	
3749	
353	
1079	
2489	
9109	
5570	
4099	
8048	
120	
1791	
6837	
6861	
2013	
4098	
7038	
1784	
7007	
5142	
4174	
650	
3879	
8033	
2637	
6963	
8015	
1985	
1830	
6695	
9549	
1762	
3168	
7135	
451	
6361	
3391	
1785	
2289	
6293	
9074	
7442	
6746	
1544	
2484	
3363	
1881	
9595	
4088	
63	
8871	
8438	
2065	
3314	
9741	
2467	
8419	
6985	
7659	
2400	
2572	
1031	
5563	
6966	
593	
5186	
6688	
539	
154	
5655	
765	
2622	
8883	
3731	
5427	
2028	
6306	
1691	
6285	
3970	
4408	
8116	
9380	
3449	
6164	
6976	
5107	
4028	
5792	
322	
292	
7038	
7949	
2762	
2143	
2976	
6748	
3408	
9023	
3001	
4657	
5851	
336	
7079	
7491	
2253	
2181	
1430	
6086	
5558	
6524	
280	
5413	
2532	
438	
5705	
4053	
801	
1414	
7493	
3819	
1403	
7211	
5249	
7145	
4864	
6357	
3604	
4357	
8150	
7647	
103	
2687	
514	
6033	
4957	
4325	
842	
6743	
4918	
296	
3891	
3978	
2323	
2931	
2827	
5883	
9624	
7448	
4902	
8845	
474	
2477	
6621	
2910	
5831	
7560	
3362	
3077	
3767	
7868	
2957	
5783	
7970	
2254	
3145	
3458	
8204	
7914	
9144	
5652	
9762	
7243	
3303	
516	
6031	
7678	
8026	
9614	
9106	
27	
6576	
1875	
1584	
1042	
9733	
2411	
9884	
476	
4781	
526	
2942	
3254	
1121	
1094	
3033	
8701	
9421	
489	
8902	
354	
4409	
4280	
9790	
9105	
1830	
4253	
8553	
2546	
1961	
6217	
2898	
5069	
9814	
2253	
992	
5423	
5601	
6088	
1261	
5317	
9009	
9660	
5351	
5068	