8905	
6787	
3608	
1677	
5128	
2609	
700	
9650	
1916	
2518	
3165	
2011	
7385	
5332	
4972	
9353	
710	
399	
8842	
3069	
5774	
9300	
2069	
2460	
6247	
5821	
9170	
9948	
5644	
33	
4982	
723	
2034	
5432	
1738	
5618	
8778	
2355	
5419	
570	
6510	
3692	
2613	
8283	
3934	
6978	
1202	
671	
6158	
4744	
1589	
3219	
6598	
5564	
506	
7237	
4233	
4035	
4721	
1730	
3012	
7838	
7664	
1494	
2539	
3993	
481	
2260	
1820	
392	
5191	
6167	
1312	
2169	
6437	
6382	
3711	
3984	
7615	
2377	
3933	
5716	
8714	
2548	
7366	
6611	
9946	
8499	
2695	
5941	
6208	
2185	
4819	
5713	
4955	
8195	
5703	
6242	
7580	
9436