33
392
399
481
506
570
671
700
710
723
1202
1312
1494
1589
1677
1730
1738
1820
1916
2011
2034
2069
2169
2185
2260
2355
2377
2460
2518
2539
2548
2609
2613
2695
3012
3069
3165
3219
3608
3692
3711
3933
3934
3984
3993
4035
4233
4721
4744
4819
4955
4972
4982
5128
5191
5332
5419
5432
5564
5618
5644
5703
5713
5716
5774
5821
5941
6158
6167
6208
6242
6247
6382
6437
6510
6598
6611
6787
6978
7237
7366
7385
7580
7615
7664
7838
8195
8283
8499
8714
8778
8842
8905
9170
9300
9353
9436
9650
9946
9948
